0000000000000000000000000000000000000000000000000000000000000000000000000000000000000000000000000000000000000000000000000000000000000000000000000000000000000000000000000000000000000000000000000000000000000000000000000000000000000000000000000000000000000000000000000000000000000000000000000000000000000000000000000000000000000000000000000000000000000000000000000000000000000000000000000000000000000000000000000000000000000
0000000000000000000000000000000000000000000000000000000000000000000000000000000000000000000000000000000000000000000000000000000000000000000000000000000000000000000000000000000000000000000000000000000000000000000000000000000000000000000000000000000000000000000000000000000000000000000000000000000000000000000000000000000000000000000000000000000000000000000000000000000000000000000000000000000000000000000000000000000000000
0000000000000000000000000000000000000000000000000000000000000000000000000000000000000000000000000000000000000000000000000000000000000000000000000000000000000000000000000000000000000000000000000000000000000000000000000000000000000000000000000000000000000000000000000000000000000000000000000000000000000000000000000000000000000000000000000000000000000000000000000000000000000000000000000000000000000000000000000000000000000
0000000000000000000000000000000000000000000000000000000000000000000000000000000000000000000000000000000000000000000000000000000000000000000000000000000000000000000000000000000000000000000000000000000000000000000000000000000000000000000000000000000000000000000000000000000000000000000000000000000000000000000000000000000000000000000000000000000000000000000000000000000000000000000000000000000000000000000000000000000000000
0000000000000000000000000000000000000000000000000000000000000000000000000000000000000000000000000000000000000000000000000000000000000000000000000000000000000000000000000000000000000000000000000000000000000000000000000000000000000000000000000000000000000000000000000000000000000000000000000000000000000000000000000000000000000000000000000000000000000000000000000000000000000000000000000000000000000000000000000000000000000
0000000000000000000000000000000000000000000000000000000000000000000000000000000000000000000000000000000000000000000000000000000000000000000000000000000000000000000000000000000000000000000000000000000000000000000000000000000000000000000000000000000000000000000000000000000000000000000000000000000000000000000000000000000000000000000000000000000000000000000000000000000000000000000000000000000000000000000000000000000000000
0000000000000000000000000000000000000000000000000000000000000000000000000000000000000000000000000000000000000000000000000000000000000000000000000000000000000000000000000000000000000000000000000000000000000000000000000000000000000000000000000000000000000000000000000000000000000000000000000000000000000000000000000000000000000000000000000000000000000000000000000000000000000000000000000000000000000000000000000000000000000
0000000000000000000000000000000000000000000000000000000000000000000000000000000000000000000000000000000000000000000000000000000000000000000000000000000000000000000000000000000000000000000000000000000000000000000000000000000000000000000000000000000000000000000000000000000000000000000000000000000000000000000000000000000000000000000000000000000000000000000000000000000000000000000000000000000000000000000000000000000000000
0000000000000000000000000000000000000000000000000000000000000000000000000000000000000000000000000000000000000000000000000000000000000000000000000000000000000000000000000000000000000000000000000000000998776665554444444444445556667789900000000000000000000000000000000000000000000000000000000000000000000000000000000000000000000000000000000000000000000000000000000000000000000000000000000000000000000000000000000000000000000
0000000000000000000000000000000000000000000000000000000000000000000000000000000000000000000000000000000000000000000000000000000000000000000000000000000000000000000000000000000000000000000000987654432211111111111111111111111111111111234456789000000000000000000000000000000000000000000000000000000000000000000000000000000000000000000000000000000000000000000000000000000000000000000000000000000000000000000000000000000000000
0000000000000000000000000000000000000000000000000000000000000000000000000000000000000000000000000000000000000000000000000000000000000000000000000000000000000000000000000000000000000009876543211111111111111111111111111111111111111111111111112356789000000000000000000000000000000000000000000000000000000000000000000000000000000000000000000000000000000000000000000000000000000000000000000000000000000000000000000000000000000
0000000000000000000000000000000000000000000000000000000000000000000000000000000000000000000000000000000000000000000000000000000000000000000000000000000000000000000000000000000000986542111111111111111111111111111111111111111111111111111111111111112457800000000000000000000000000000000000000000000000000000000000000000000000000000000000000000000000000000000000000000000000000000000000000000000000000000000000000000000000000
0000000000000000000000000000000000000000000000000000000000000000000000000000000000000000000000000000000000000000000000000000000000000000000000000000000000000000000000000000098654211111111111111111111111111111111111111111111111111111111111111111111111135790000000000000000000000000000000000000000000000000000000000000000000000000000000000000000000000000000000000000000000000000000000000000000000000000000000000000000000000
0000000000000000000000000000000000000000000000000000000000000000000000000000000000000000000000000000000000000000000000000000000000000000000000000000000000000000000000000986421111111111111111111111111111111111111111111111111111111111111111111111111111111123680000000000000000000000000000000000000000000000000000000000000000000000000000000000000000000000000000000000000000000000000000000000000000000000000000000000000000000
0000000000000000000000000000000000000000000000000000000000000000000000000000000000000000000000000000000000000000000000000000000000000000000000000000000000000000000000964211111111111111111111111111111111111111111111111111111111111111111111111111111111111111113580000000000000000000000000000000000000000000000000000000000000000000000000000000000000000000000000000000000000000000000000000000000000000000000000000000000000000
0000000000000000000000000000000000000000000000000000000000000000000000000000000000000000000000000000000000000000000000000000000000000000000000000000000000000000000074211111111111111111111111111111111111111111111111111111111111111111111111111111111111111111111114800000000000000000000000000000000000000000000000000000000000000000000000000000000000000000000000000000000000000000000000000000000000000000000000000000000000000
0000000000000000000000000000000000000000000000000000000000000000000000000000000000000000000000000000000000000000000000000000000000000000000000000000000000000000085311111111111111111111111111111111111111111111111111111111111111111111111111111111111111111111111111147900000000000000000000000000000000000000000000000000000000000000000000000000000000000000000000000000000000000000000000000000000000000000000000000000000000000
0000000000000000000000000000000000000000000000000000000000000000000000000000000000000000000000000000000000000000000000000000000000000000000000000000000000000096311111111111111111111111111111111111111111111111111111111111111111111111111111111111111111111111111111111379000000000000000000000000000000000000000000000000000000000000000000000000000000000000000000000000000000000000000000000000000000000000000000000000000000000
0000000000000000000000000000000000000000000000000000000000000000000000000000000000000000000000000000000000000000000000000000000000000000000000000000000000007421111111111111111111111111111111111111111111111111111111111111111111111111111111111111111111111111111111111113690000000000000000000000000000000000000000000000000000000000000000000000000000000000000000000000000000000000000000000000000000000000000000000000000000000
0000000000000000000000000000000000000000000000000000000000000000000000000000000000000000000000000000000000000000000000000000000000000000000000000000000009631111111111111111111111111111111111111111111111111111111111111111111111111111111111111111111111111111111111111111126900000000000000000000000000000000000000000000000000000000000000000000000000000000000000000000000000000000000000000000000000000000000000000000000000000
0000000000000000000000000000000000000000000000000000000000000000000000000000000000000000000000000000000000000000000000000000000000000000000000000000000752111111111111111111111111111111111111111111111111111111111111111111111111111111111111111111111111111111111111111111111380000000000000000000000000000000000000000000000000000000000000000000000000000000000000000000000000000000000000000000000000000000000000000000000000000
0000000000000000000000000000000000000000000000000000000000000000000000000000000000000000000000000000000000000000000000000000000000000000000000000000073111111111111111111111111111111111111111111111111111111111111111111111111111111111111111111111111111111111111111111111111126900000000000000000000000000000000000000000000000000000000000000000000000000000000000000000000000000000000000000000000000000000000000000000000000000
0000000000000000000000000000000000000000000000000000000000000000000000000000000000000000000000000000000000000000000000000000000000000000000000000008411111111111111111111111111111111111111111111111111111111111111111111111111111111111111111111111111111111111111111111111111111490000000000000000000000000000000000000000000000000000000000000000000000000000000000000000000000000000000000000000000000000000000000000000000000000
0000000000000000000000000000000000000000000000000000000000000000000000000000000000000000000000000000000000000000000000000000000000000000000000000952111111111111111111111111111111111111111111111111111111111111111111111111111111111111111111111111111111111111111111111111111111138000000000000000000000000000000000000000000000000000000000000000000000000000000000000000000000000000000000000000000000000000000000000000000000000
0000000000000000000000000000000000000000000000000000000000000000000000000000000000000000000000000000000000000000000000000000000000000000000000007311111111111111111111111111111111111111111111111111111111111111111111111111111111111111111111111111111111111111111111111111111111112800000000000000000000000000000000000000000000000000000000000000000000000000000000000000000000000000000000000000000000000000000000000000000000000
0000000000000000000000000000000000000000000000000000000000000000000000000000000000000000000000000000000000000000000000000000000000000000000000951111111111111111111111111111111111111111111111111111111111111111111111111111111111111111111111111111111111111111111111111111111111111280000000000000000000000000000000000000000000000000000000000000000000000000000000000000000000000000000000000000000000000000000000000000000000000
0000000000000000000000000000000000000000000000000000000000000000000000000000000000000000000000000000000000000000000000000000000000000000000008311111111111111111111111111111111111111111111111111111111111111111111111111111111111111111111111111111111111111111111111111111111111111128000000000000000000000000000000000000000000000000000000000000000000000000000000000000000000000000000000000000000000000000000000000000000000000
0000000000000000000000000000000000000000000000000000000000000000000000000000000000000000000000000000000000000000000000000000000000000000000083111111111111111111111111111111111111111111111111111111111111111111111111111111111111111111111111111111111111111111111111111111111111111113900000000000000000000000000000000000000000000000000000000000000000000000000000000000000000000000000000000000000000000000000000000000000000000
0000000000000000000000000000000000000000000000000000000000000000000000000000000000000000000000000000000000000000000000000000000000000000000721111111111111111111111111111111111111111111111111111111111111111111111111111111111111111111111111111111111111111111111111111111111111111111490000000000000000000000000000000000000000000000000000000000000000000000000000000000000000000000000000000000000000000000000000000000000000000
0000000000000000000000000000000000000000000000000000000000000000000000000000000000000000000000000000000000000000000000000000000000000000007211111111111111111111111111111111111111111111111111111111111111111111111111111111111111111111111111111111111111111111111111111111111111111111160000000000000000000000000000000000000000000000000000000000000000000000000000000000000000000000000000000000000000000000000000000000000000000
0000000000000000000000000000000000000000000000000000000000000000000000000000000000000000000000000000000000000000000000000000000000000000083111111111111111111111111111111111111111111111111111111111111111111111111111111111111111111111111111111111111111111111111111111111111111111111128000000000000000000000000000000000000000000000000000000000000000000000000000000000000000000000000000000000000000000000000000000000000000000
0000000000000000000000000000000000000000000000000000000000000000000000000000000000000000000000000000000000000000000000000000000000000000041111111111111111111111111111111111111111111111111111111111111111111111111111111111111111111111111111111111111111111111111111111111111111111111115000000000000000000000000000000000000000000000000000000000000000000000000000000000000000000000000000000000000000000000000000000000000000000
0000000000000000000000000000000000000000000000000000000000000000000000000000000000000000000000000000000000000000000000000000000000000000711111111111111111111111111111111111111111111111111111111111111111111111111111111111111111111111111111111111111111111111111111111111111111111111112800000000000000000000000000000000000000000000000000000000000000000000000000000000000000000000000000000000000000000000000000000000000000000
0000000000000000000000000000000000000000000000000000000000000000000000000000000000000000000000000000000000000000000000000000000000000009311111111111111111111111111111111111111111111111111111111111111111111111111111111111111111111111111111111111111111111111111111111111111111111111111500000000000000000000000000000000000000000000000000000000000000000000000000000000000000000000000000000000000000000000000000000000000000000
0000000000000000000000000000000000000000000000000000000000000000000000000000000000000000000000000000000000000000000000000000000000000006111111111111111111111111111111111111111111111111111111111111111111111111111111111111111111111111111111111111111111111111111111111111111111111111111390000000000000000000000000000000000000000000000000000000000000000000000000000000000000000000000000000000000000000000000000000000000000000
0000000000000000000000000000000000000000000000000000000000000000000000000000000000000000000000000000000000000000000000000000000000000093111111111111111111111111111111111111111111111111111111111111111111111111111111111111111111111111111111111111111111111111111111111111111111111111111170000000000000000000000000000000000000000000000000000000000000000000000000000000000000000000000000000000000000000000000000000000000000000
0000000000000000000000000000000000000000000000000000000000000000000000000000000000000000000000000000000000000000000000000000000000000071111111111111111111111111111111111111111111111111111111111111111111111111111111111111111111111111111111111111111111111111111111111111111111111111111150000000000000000000000000000000000000000000000000000000000000000000000000000000000000000000000000000000000000000000000000000000000000000
0000000000000000000000000000000000000000000000000000000000000000000000000000000000000000000000000000000000000000000000000000000000000051111111111111111111111111111111111111111111111111111111111111111111111111111111111111111111111111111111111111111111111111111111111111111111111111111139000000000000000000000000000000000000000000000000000000000000000000000000000000000000000000000000000000000000000000000000000000000000000
0000000000000000000000000000000000000000000000000000000000000000000000000000000000000000000000000000000000000000000000000000000000000041111111111111111111111111111111111111111111111111111111111111111111111111111111111111111111111111111111111111111111111111111111111111111111111111111128000000000000000000000000000000000000000000000000000000000000000000000000000000000000000000000000000000000000000000000000000000000000000
0000000000000000000000000000000000000000000000000000000000000000000000000000000000000000000000000000000000000000000000000000000000000931111111111111111111111111111111111111111111111111111111111111111111111111111111111111111111111111111111111111111111111111111111111111111111111111111116000000000000000000000000000000000000000000000000000000000000000000000000000000000000000000000000000000000000000000000000000000000000000
0000000000000000000000000000000000000000000000000000000000000000000000000000000000000000000000000000000000000000000000000000000000000931111111111111111111111111111111111111111111111111111111111111111111111111111111111111111111111111111111111111111111111111111111111111111111111111111116000000000000000000000000000000000000000000000000000000000000000000000000000000000000000000000000000000000000000000000000000000000000000
0000000000000000000000000000000000000000000000000000000000000000000000000000000000000000000000000000000000000000000000000000000000000931111111111111111111111111111111111111111111111111111111111111111111111111111111111111111111111111111111111111111111111111111111111111111111111111111115000000000000000000000000000000000000000000000000000000000000000000000000000000000000000000000000000000000000000000000000000000000000000
0000000000000000000000000000000000000000000000000000000000000000000000000000000000000000000000000000000000000000000000000000000000000931111111111111111111111111111111111111111111111111111111111111111111111111111111111111111111111111111111111111111111111111111111111111111111111111111115000000000000000000000000000000000000000000000000000000000000000000000000000000000000000000000000000000000000000000000000000000000000000
0000000000000000000000000000000000000000000000000000000000000000000000000000000000000000000000000000000000000000000000000000000000000041111111111111111111111111111111111111111111111111111111111111111111111111111111111111111111111111111111111111111111111111111111111111111111111111111115000000000000000000000000000000000000000000000000000000000000000000000000000000000000000000000000000000000000000000000000000000000000000
0000000000000000000000000000000000000000000000000000000000000000000000000000000000000000000000000000000000000000000000000000000000000051111111111111111111111111111111111111111111111111111111111111111111111111111111111111111111111111111111111111111111111111111111111111111111111111111115000000000000000000000000000000000000000000000000000000000000000000000000000000000000000000000000000000000000000000000000000000000000000
0000000000000000000000000000000000000000000000000000000000000000000000000000000000000000000000000000000000000000000000000000000000000061111111111111111111111111111111111111111111111111111111111111111111111111111111111111111111111111111111111111111111111111111111111111111111111111111116000000000000000000000000000000000000000000000000000000000000000000000000000000000000000000000000000000000000000000000000000000000000000
0000000000000000000000000000000000000000000000000000000000000000000000000000000000000000000000000000000000000000000000000000000000000082111111111111111111111111111111111111111111111111111111111111111111111111111111111111111111111111111111111111111111111111111111111111111111111111111117000000000000000000000000000000000000000000000000000000000000000000000009754333345790000000000000000000000000000000000000000000000000000
0000000000000000000000000000000000000000000000000000000000000000000000000000000000000000000000000000000000000000000000000000000000000004111111111111111111111111111111111111111111111111111111111111111111111111111111111111111111111111111111111111111111111111111111111111111111111111111128000000000000000000000000000000000000000000000000000000000000000000000963111111111123579000000000000000000000000000000000000000000000000
0000000000000000000000000000000000000000000000000000000000000000000000000000000000000000000000000000000000000000000000000000000000000006111111111111111111111111111111111111111111111111111111111111111111111111111111111111111111111111111111111111111111111111111111111111111111111111111139000000000000000000000000000000000000000000000000000000000000000000007311111111111111113580000000000000000000000000000000000000000000000
0000000000000000000000000000000000000000000000000000000000000000000000000000000000000000000000000000000000000000000000000000000000000009311111111111111111111111111111111111111111111111111111111111111111111111111111111111111111111111111111111111111111111111111111111111111111111111111160000000000000000000000000000000000000000000000000000000000000000000072111111111111111111114800000000000000000000000000000000000000000000
0000000000000000000000000000000000000000000000000000000000000000000000000000000000000000000000000000000000000000000000000000000000000000611111111111111111111111111111111111111111111111111111111111111111111111111111111111111111111111111111111111111111111111111111111111111111111111111280000000000000000000000000000000000000000000000000000000000000000000931111111111111111111111380000000000000000000000000000000000000000000
0000000000000000000000000000000000000000000000000000000000000000000000000000000000000000000000000000000000000000000000000000000000000000931111111111111111111341111111111111111111111111111111111111111111111111111111111111111111111111111111111111111111111111111111111111111111111111111500000000000000000000000000000000000000000000000000000000000000000000611111111111111111111111160000000000000000000000000000000000000000000
0000000000000000000000000000000000000000000000000000000000000000000000000000000000000000000000000000000000000000000000000000000000000000061111111111111111111384111111111111111111111111111111111111111111111111111111111111111111111111111111111111111111111111111114511111111111111111113900000000000000000000000000000000000000000000000000000000000000000000511111111111111111111111150000000000000000000000000000000000000000000
0000000000000000000000000000000000000000000000875544555678900000000000000000000000000000000000000000000000000000000000000000000000000000094111111111111111111178211111111111111111111111111111111111111111111111111111111111111111111111111111111111111111111111111148311111111111111111116000000000000000000000000000000000000000000000000000000000000000000000611111111111111111111111160000000000000000000000000000000000000000000
0000000000000000000000000000000000000000000084211111111111234679000000000000000000000000000000000000000000000000000000000000000000000000008211111111111111111139611111111111111111111111111111111111111111111111111111111111111111111111111111111111111111111111111496111111111111111111139000000000000000000000000000000000000000000000000000000000000000000000711111111111111111111111170000000000000000000000000000000000000000000
0000000000000000000000000000000000000000000831111111111111111112468000000000000000000000000000000000000000000000000000000000000000000000000611111111111111111114962111111111111111111111111111111111111111111111111111111111111111111111111111111111111111111111115972111111111111111111170000000000000000000000000000000000000000000000000000000000000000000000931111111111111111111111390000000000000000000000000000000000000000000
0000000000000000000000000000000000000000000611111111111111111111111369000000000000000000000000000000000000000000000000000000000000000000000931111111111111111111498311111111111111111111111111111111111111111111111111111111111111111111111111111111111111111111379721111111111111111111490000000000000000000000000000000000000000000000000000000000000000000000051111111111111111111111408000000000000000000000000000000000000000000
0000000000000000000000000000000000000000000611111111111111111111111112600000000000000000000000000000000000000000000000000000000000000000000072111111111111111111137973111111111111111111111111111111111111111111111111111111111111111111111111111111111111111136995111111111111111111112700000000000000000000000000000000000000000000000000000000000000000000000061111111111111111111111594357900985434790000000000000000000000000000
0000000000000000000000000000000000000000000611111111111111111111111111280000000000000000000000000000000000000000000000000000000000000000000005111111111111111111112580853111111111111111111111111111111111111111111111111111111111111111111111111111111111124798521111111111111111111114000000000000000000000000000000000000000000000000000000000000000000000000061111111111111111111111395111233211111137000000000000000000000000000
0000000000000000000000000000000000000000000821111111111111111111111111160000000000000000000000000000000000000000000000000000000000000000000008211111111111111111111125800864321111111111111111111111111111232111111111111111232111111111111111111111111124699742111111111111111111111128000000000000000000000000000000000000000000000000000000000000000000000000051111111111111111111111135211111111111112600000000000000000000000000
0000000000000000000000000000000000000000000041111111111111111111111111150000000000000000000000000000000000000000000000000000000000000000000000611111111111111111111111135790097653211111111111111111111111367742111111111257873111111111111111111111234699742111111111111111111111111140000000000000000000000000000000000000000000000000000000000000000000000000721111111111111111111111111111111111111111160000000000000000000000000
0000000000000000000000000000000000000000000051111111111111111111111111160000000000000000000000000000000000000000000000000000000000000000000000931111111111111111111111111125790000963111111111111111111111112598411111114908411111111111111111111136809742111111111111111111111111111170000000000000000000000000000000000000000000000000000000000000000000000085211111111111111111111111111111111111111111139000000000000000000000000
0000000000000000000000000000000000000000000041111111111111111111111111170000000000000000000000000000000000000000000000000000000000000000000000061111111111111111111111111111124568000853111111111111111111111126984111270952111111111111111111135898642111111111111111111111111111111390000000000000000000000000000000000000000000000000000000000000000000007311111111111111111111111111111111111111111111117000000000000000000000000
0000000000000000000000000998888877776665700611111111111111111111111111280000000000000000000000000000000000000000000000000000000000000000000000093111111111111111111111111111111111356809742111111111111111111111380623807311111111111111111114797521111111111111111111111111111111111500000000000000000000000000000000000000000000000000000000000000000000082111111111111111111111111111111111111111111111116000000000000000000000000
0000000000000000000000853211111111111246863111111111111111111111111111390000000000000000000000000000000000000000000000000000000000000000000000007111111111111111111111111111111111111135898521111111111111111111127089072111111111111111111489731111111111111111111111111111111111111700000000000000000000000000000000000000000000000000000000000000000000093111111111111111111111111111111111111111111111117000000000000000000000000
0000000000000000000084111111111111234443211111111111111111111111111111500000000000000000000000000000000000000000000000000000000000000000000000009411111111111111111111111111111111111111135895211111111111111111112600721111111111111111137083111111111111111111111111111111111111112800000000000000000000000000000000000000000000000000000000000000000000004111111111111111111111111111111111111111111111140000000000000000000000000
0000000000000000000721111111111111111111111111111111111111111111111111600000000000000000000000000000000000000000000000000000000000000000000000000611111111111111111111111111111111111111111247852111111111111111111279311111111111111111490621111111111111111111111112344543211111113900000000000000000000000000000000000000000000000000000000000000000000082111111111111111111111111111111111111111111111380000000000000000000000000
0000000000000000007211111111111111111111111111111111111111111111111112800000000000000000000000000000000000000000000000000000000000000000000000000931111111111111111111111111111111111111111111488311111111111111111135111111111111111115095111111111111111111111245789876655521111114000000000000000000000000000000000000000000000000000000000000000000000721111111111111111111111111111111111111111111113800000000000000000000000000
0000000000000000093111111111111111111111111111111111111111111111111112800000000000000000000000000000000000000000000000000000000000000000000000000051111111111111111111111111111111111111111111126962111111111111111111111111111111111160951111111111111111111257909753111111111111114000000000000000000000000000000000000000000000000000000000000000000095111111111111111111111111111111111111111111111259000000000000000000000000000
0000000000000000082111111111111111111111111111111111111111111111111112800000000000000000000000000000000000000000000000000000000000000000000000000071111111111233443321111111111111111111111111111488311111111111111111111111111111111400511111111111111111147900985444432111111111114000000000000000000000000000000000000000000000000000000000000000000731111111111111111111111111111111111111111111124800000000000000000000000000000
0000000000000000093111111111111111111111111111111111111111111111111111700000000000000000000000000000000000000000000000000000000000000000000000000082111112468998778888765321111111111111111111111138941111111111111111111111111111113807211111111111111124800000000000009863111111113900000000000000000000000000000000000000000000000000000000000000084111111111111111111111111111111111111111111113580000000000000000000000000000000
0000000000000000006111111111111111111111111111111111111111111111111111380000000000000000000000000000000000000000000000000000000000000000000000000082111368974321112346790097531111111111111111111112707311111111111111111111111111116093111111111111111380000000000000000000852111111700000000000000000000000000000000000000000000000000000000000008521111111111111111111111111111112333333333456780000000000000000000000000000000000
0000000000000000009511111111111111111111111111111111111111111111111111125800000000000000000000000000000000000000000000000000000000000000000000000082111564211112579000000000008642111111111111111111270831111111111111111111111111139051111111111111126900000000000000000000007211111390000000000000000000000000000000000000000000000000000000000842111111111111111111111111111124680000000000000000000000000000000000000000000000000
0000000000000000000062111111111111111111111111111111111111111111111111111247000000000000000000000000000000000000000000000000000000000000000000000061111111111148000000000000000009631111111111111111124894111111111111111111111111270721111111111112590000000009866679000000090721111149000000000000000000000000000000000000000000000000000000095211111111111111111111111111124690000000000000000000000000000000000000000000000000000
0000000000000000000008521111111111111111111111111111111111111111111111111111369000000000000000000000000000000000000000000000000000000000000000000821111111111490000000988900000000097311111111111111111279521111111111111111111137996211111111111127000000000852111114900000076061111112680000000000000000000000000000000000000000000000000009621111111111111111111111111113680000000000000000000000000000000000000000000000000000000
0000000000000000000000097543333333222111111111111111111111111111111111111111112580000000000000000000000000000000000000000000000000000000000000007211111111112800000006211235800000000973111111111111111125984211111111111111111112221111111111111380000000006211111111700000084982111111113567900000000000000000000000000000000000000000000973111111111111111111111111113680000000000000000000000000000000000000000000000000000000000
0000000000000000000000000000000000999877654311111111111111111111111111111111111113580000000000000000988888900000000000000000000000000000000000841111111111115000000072111111148000000009521111111111111111369976411111111111111111111111111111114900000000061111111112800000083704111111111111259000000000000000000000000000000000000000007311111111111111111111111112580000000000000000000000000000000000000000000000000000000000000
0000000000000000000000000000000000000000000087531111111111111111111111111111111111114800000000008643211111235790000000000000000000000000000095211111111111116000000071111111113800000000072111111111111111113555411111111111111111111111111111139000000000931111111115000000082704111111111111117000000000000000000000000000000000000000841111111111111111111111111259000000000000000000000000000000000000000000000000000000000000000
0000000000000000000000000000000000000000000000008753211111111111111111111111111111111147900008632111111111111135800000000000000000000000008521111111111111117000000093111111111280000097908311111111111111111111111111111111111111111111111111380000000000821111111259000000082893111111111111116000000000000000000000000000000000000096211111111111111111111111136900000000000000000000000000000000000000000000000000000000000000000
0000000000000000000000000000000000000000000000000000975311111111111111111111111111111111258095211111111111111111248000000000000000000008531111111111111111117000000008311111111150000008580941111111111111111111111111111111111111111111111113800000000000941111124800000843544072111111111111116000000000000000098654455678900000009621111111111111111111111114790000000000000000000000000000000000000000000000000000000000000000000
0000000000000000000000000000000000000000000000000000000086531111111111111111111111111111111369963111111111111111112690000000000000000005111111111111111111115000000000952111111150000000749093111111111111111111111111111111111111111111111139000000000000097656790000009311128941111111111111128000000000000009521111111111246900962111111111111111111111112580000000000000000000000000000000000000000000000000000000000000000000000
0000000000000000000000000000000000000000000000000000000000008642111111111111111111111111111112579742111111111111111149000000000000000006111111111111111111112800000000009643234790000000045008311111111111111111111111111111111111111111111490000000000000000000000000000411370511111111111111150000000000000072111111111111112696311111111111111111111111369000000000000000000000000000000000000000000000000000000000000000000000000
0000000000000000000000000000000000000000000000000000000000000009753111111111111111111111111111113688631111111111111114900000000000000009411111111111111111111490000000000000000000000000072800831111111111111111111111111111111111111111114900000000000000000000000000000836995111254111111111390000000000000611111111111111258631111111111111111111111147900000000000000000000000000000000000000000000000000000000000000000000000000
0000000000000000000000000000000000000000000000000000000000000000000864211111111111111111111111111124797434554211111111500000000000000000831111111111111111111149000000000000000000000099082700094111111111111111111111111111111111111111269098000000000000000000000000007589631124883111111113800000000000006111111111111136863111111111111111111111125800000000000000000000000000000000000000000000000000000000000000000000000000000
0000000000000000000000000000000000000000000000000000000000000000000000975311111111111111111111111111125800000821111111280000000000000000083111111111111113641113700000000000000000095322573805709621111111111111111111111111254321111235809736000000000000000000000000088963113580721111111138000000000000093111111111268885311111111111111111111113690000000000000000000000000000000000000000000000000000000000000000000000000000000
0000000000000000000000000000000000000000000000000000000000000000000000000086421111111111111111111111111135700931111111160000000000000000008311111111111111597411147000000000000000082111125072158085211111111124411111111111135677888909853114900000000000000000000000985334679074111111111380000000000000071111111111608411111111111111111111112580000000000000000000000000000000000000000000000000000000000000000000000000000000000
0000000000000000000000000000000000000000000000000000000000000000000000000000097521111111111111111111111111138821111111160000000000000000000941111111111111149085311368000000000000006311149831112479976544456799511111111111111112344432111111480000000000000000000000978900985311111111114900000000000000071111111113951111111111111111111111259000000000000000000000000000000000000000000000000000000000000000000000000000000000000
0000000000000000000000000000000000000000000000000000000000000000000000000000000098642111111111111111111111128711111111160000000000000000000006211111111111112690087655680000000000000987896211111112456677766542111111111111111111111111111111124790000000000000000000008753211111111111259000000000000000082111111114041111111111111111111136900000000000000000000000000000000000000000000000000000000000000000000000000000000000000
0000000000000000000000000000000000000000000000000000000000000000000000000000000000009753111111111111111111128711111111160000000000000000000000952111111111111125890000000000000000000009631111111111111111111111111111111111111111111111111111111123567899000009988765431111111111111113700000000000000000093111111114041111111111111111114790000000000000000000000000000000000000000000000000000000000000000000000000000000000000000
0000000000000000000000000000000000000000000000000000000000000000000000000000000000000000864211111111111111139611111111280000000000000000000000009642111111111111124678990000000000987642111111111111111111111111111111111111111111111111111111111111111112233332211111111111111111111149000000000000000000005111111114051111111111111112470098000000000000000000000000000000000000000000000000000000000000000000000000000000000000000
0000000000000000000000000000000000000000000000000000000000000000000000000000000000963600990964211111111111139511111111490000000000000000000000000008631111111111111111123334444333211111111111111111111111111111111111111111111111111111111111111111111111111111111111111111111111112700000000000000000000008211111114051111111111111258000722800000000000000000000000000000000000000000000000000000000000000000000000000000000000000
0000000000000000000000000000000000000000000000000000000000000000000000000000000000821395127000975311111111140511111111608900000000000000000000000000008531111111111111111111111111111111111111111111111111111111111111111111111111111111111111111111111111111111111111111111111111259000000000000000000000000511111113951111111111125800879966900000000000000000000000000000000000000000000000000000000000000000000000000000000000000
0000000000000000000000000000000000000000000000000000000000000000000000000000000000941593115064790974211111140411111112893258000000000000000000000000000007311111111111111111111111111111111111111111111111111111111111111111111111111111111111111111111111111111111111111111111112700000000000000000000000869711111113961111111112599809315007580000000000000000000000000000000000000000000000000000000000000000000000000000000000000
0000000000000000000000000000000000000000000000000000000000000000000000000000000000098906348061135800974211140411111114961112470000000000000000000000000000941111111111111111111111111111111111111111111111111111111111111111111111111111111111111111111111111111111111111111111138000000000000000000000084217931111113861111111248962498211693139000000000000000000000000000000000000000000000000000000000000000000000000000000000000
0000000000000000000000000000000000000000000000000000000000000000000000000000000000855907568061111137000976450411111116941111113689000000000000000000000000005111111111111111111111111111111111111111111111111111111111111111111111111111111111111111111111111111111111111111111170000000000000000000007411114061111112871111125895211179411493116000000000000000000000000000000000000000000000000000000000000000000000000000000000000
0000000000000000000000000000000000000000000000000000000000000000000000000000000000511472112771111113900000000411111128821111111113580000000000000000000000009311111111111111111111111111111111111111111111111111111111111111111111111111111111111111111111111111111111111111111280000000000000000008631111112871111113971113599521111140841497316000000000000000000000000000000000000000000000000000000000000000000000000000000000000
0000000000000000000000000000000000000000000000000000000000000000000000000000000000611383111482111113900000000411111139611111111111124790000000000000000000000411111111111111111111111111111111111111111111111111111111111111111111111111111111111111111111111111111111111112631150000000000000000842111111111793111113972470952111111128008900980000000000000000000000000000000000000000000000000000000000000000000000000000000000000
0000000000000000000000000000000000000000000000000000000000000000000000000000000000964708433604111112800009659411111140511111111111111125800000000000000000009311111111111111111111111111551111111111111111111111111111111111111111111111111111111111111111111111111111111114041127000000000000074111111111111793111114098000931111111116008670008680000000000000000000000000000000000000000000000000000000000000000000000000000000000
0000000000000000000000000000000000000000000000000000000000000000000000000000000000009900086806111111700007228511111150511111111111111111136900000000000000007211111211111111111111111111782111111111111111111111111111111111111111111111111111111121111111111111111111111115061112600000000097311111111111111793111116000000061111111115072116072140000000000000000000000000000000000000000000000000000000000000000000000000000000000
0000000000000000000000000000000000000000000000000000000000000000000000000000000000083380721278211111600008317711111150611111111111111111111257000000000000005111111311111111111111111112882111111111111111111111111111111111111111111111111111111278411111111111111111111113883111148000009631111111111111112882111128000000093111111114051114051139000000000000000000000000000000000000000000000000000000000000000000000000000000000
0000000000000000000000000000000000000000000000000000000000000000000000000000000000051140511139511111400000878931111140085311111111111111111111368000000000082111112511111111111111111113961111111111111111111111111111111111111111111111111111111149972111111111111111111111386111112480952111111111111111113961111150000000005111111114051115061139000000000000000000000000000000000000000000000000000000000000000000000000000000000
0000000000000000000000000000000000000000000000000000000000000000000000000000000000061139611128821111280000008861111139000075211111111111111111112479000000041111114611111111111111111114051111111111111111111111111111111111111111111111111111111116007111111111111111111111149511113685211111111111111111116041111380000000006111111113983128082160000000000000000000000000000000000000000000000000000000000000000000000000000000000
0000000000000000000000000000000000000000000000000000000000000000000000000000000000096470963360061111160000093395111116000000974211111111111111111113580000611111116411111111111111111116931111111111111111111111111111111111111111111111111111111112800411111111111111111111115952478421111111111111111111139821112700000000007111111114009890009800000000000000000000000000000000000000000000000000000000000000000000000000000000000
0000000000000000000000000000000000000000000000000000000000000000000000000000000000000000000088994111139000008348621113800000000975211111111111111111114689621111148211111111111111111128711111111111111111111111111111122111111111111111111111111111490821111111111111111111111608742111111111111111111111270611127000000000007111111114009669000000000000000000000000000000000000000000000000000000000000000000000000000000000000000
0000000000000000000000000000000000000000000000000000000000000000000000000000000000000744800621267211116000000868073111490000000000963111111111111111111113687421285111111111111111111139611111111111111111111111111111498311111111111111111111111111159051111111111111111111111278211111111111111111111136909311270000000000007111111115072128084600000000000000000000000000000000000000000000000000000000000000000000000000000000000
0000000000000000000000000000000000000000000000000000000000000000000000000000000000009311280411114621113900000000009521159000000000000852111111111111111111124786782111111111111111111150411111111111111111111111111111600611111111111111111111111111116082111111111111111111111138611111111111111111124700006114800000000000006111111116821128821390000000000000000000000000000000000000000000000000000000000000000000000000000000000
0000000000000000000000000000000000000000000000000000000000000000000000000000000000008211150511111672111500000000000084216000000000000009631111111111111111111138941111111111111111111178211111111111111111111111111112800821111111111111111111111111113904111111111111111111111115951111111111111124680000005370000000000000004111111128611139511390000000000000000000000000000000000000000000000000000000000000000000000000000000000
0000000000000000000000000000000000000000000000000000000000000000000000000000000000009311139831111406111270000000000000867000000000000000007311111111111111111150611111111111111111111287111111111111111111111111111112800041111111111111111111111111111606111111111111111111111112794111111111112480000000009000000000000000082111111139511150411400000000000000000000000000000000000000000000000000000000000000000000000000000000000
0000000000000000000000000000000000000000000000000000000000000000000000000000000000000611140072111400611137000000000000000000000000000000000974111111111111111398311111111111111111111405111111111111111111111111111112800051111111111111111111111111111498211111111111111111111111498311111111258000000000000000000000000000061111111150611380411600000000000009965568075680000000000000000000000000000000000000000000000000000000000
0000000000000000000000000000000000000000000000000000000000000000000000000000000000000064470009655689062112500000000000000000000000000000000000852111111111112894111111111111111111111504111111111111111111111111111113900051111111111111111111111111111170511111111111111111111111160721111136900000000000000000000000000000831111111280977900846900000000097535621124986689954580000000000000000000000000000000000000000000000000000
0000000000000000000000000000000000000000000000000000000000000000000000000000000000000000000000093112587311159000000000000000000000000000000000009621111111127051111111111111111111111782111111111111111111111111111113900061111111111111111111111111111140711111111111111111111111128061125800000000000000000000000000000009411111111597326000000000000008521111345680061112785325900000000000000000000000000000000000000000000000000
0000000000000000000000000000000000000000000000000000000000000000000000000000000000000000006358082111125841114800000000000000000000000000000000009896311111150611111111111111111111113971111111111111111111111111111113800061111111111111111111111111111128931111111111111111111111115006690753600000000000000000000000000083111111112851113996349000000062111111111123565433687899099000000000000000000000000000000000000000000000000
0000000000000000000000000000000000000000000000000000000000000000000000000000000000000000082111485111111607411270000000000000000000000000000000094147974111498211111111111111111111114051111111111111111111111111111113800071111111111111111111111111111116041111111111111111111111112700963111159000000000000000000000000721111111116721114951128000000611111112455432112580821259052590000000000000000000000000000000000000000000000
0000000000000000000000000000000000000000000000000000000000000000000000000000000000000000093111149621111500962114800000000000000000000000000000951111500754894111111111111111111111116041111111111111111111111111111112800071111111111111111111111111111114061111111111111111111111111500061111113800000000000000000000006211111111149511116821139000008211111138000009631114631114961149000000000000000000000000000000000000000000000
0000000000000000000000000000000000000000000000000000000000000000977790978000000000000000007211128097667900008411247000000000000000000000000009411112873690051111111111111111111111117821111111111111111111111111111112800071111111111111111111111111111112871111111111111111111111111399905111111259000000000000000000841111111111380511149611150000008211111270000000007311255434896338000000000000000000000000000000000000000000000
0000000000000000000000000000000000000000000000000000000000000095211127411685670000000000000853359000009423357974111369000000000000000000000083111127621138821111111111111111111111128711111111111111111111111111111111700071111111111111111111111111111111782111111111111111111111111177389411111112479000000000000085211111111112800977800733590000009311111280000000000952115007337000890000000000000000000000000000000000000000000
0000000000000000000000000000000000000000000000000000000097656885334579756951115900000000000000000000006111111257731112468000000000000000009521111276211269411111111111111111111111140611111111111111111111111111111111700071111111111111111111111111111111693111111111111111111111111158228931111111113579000000097421111111111127964250000000000000000721111270000000000006111604112706138000000000000000000000000000000000000000000
0000000000000000000000000000000000000000000000000000009521111490000622234786335866800000000000000878909311111111487311111346789000000009752111112762111507111111111111111111111111150511111111111111111111111111111111600071111111111111111111111111111111693111111111111111111111111149312783111111111112455554321111111111111265211140965900000000000072111138000000000009411386111394113900000000000000000000000000000000000000000
0000000000000000000000000000000000000000000000000000006111246975434775544586597211390000000000008211358952111111140974111111112344555542111111116721112794111111111111111111111111160411111111111111111111111111111111600071111111111111111111111111111111593111111111111111111111111140411287211111111111111111111111111111114731111279411700000000000009642112468000000000611169622597211700000000000000000000000000000000000000000
0000000000000000000000000000000000000000000000000000099778908311357009764695148654500000000000008211112599742111139000742111111111111111111111157211114962111111111111111111111111179311111111111111111111111111111111500061111111111111111111111111111111504111111111111111111111111139511138611111111111111111111111111111370511113794112800000000000000009877778900000000821140086900756900000000000000000000000000000000000000000
0000000000000000000000000000000000000000000000000085323900098678000000007359669721170000000000000511111148008654478789008521111111111111111111483111116831111111111111111111111111288211111111111111111111111111111111500061111111111111111111111111111111504111111111111111111111111128511113951111111111111111111111111368000843369061115000000000000000000000000000000000821149721280098000000000000000000000000000000000000000000
0000000000000000000000000000000000000000000000000511112895321160000000000439757853470000000000000073111115900000082112357997411111111111111112851111117611111111111111111111111111397111111111111111111111111111111111400061111111111111111111111111111111593111111111111111111111111128611111494111111111111111111112356654323600000061149000000000000000000000000000000000821138311150831490000000000000000000000000000000000000000
0000000000000000000000000000000000000000000000009311115931111168700000007248216966900000000000000009521115000000061111111370084111111111111116721111139511111111111111111111111111406111111111111111111111111111111111390061111111111111111111111111111111593111111111111111111111111128611111178211111111111111111367631111111390000096790000000000000000000000000000000000821148211140411170000000000000000000000000000000000000000
0000000000000000000000000000000000000000000000009522469711111484600000093149789311700000000000000000086569000000082111111115900864211111111149411111149411111111111111111111111111406111111111111111111111111111111111390061111111111111111111111111111111693111111111111111111111111117831111139611111111111123568083111111112600000000000000000000000000000000000000000000611159411159311170000000000000000000000000000000000000000
0000000000000000000000000000000000000000000000000099000953336961600000051126909646900000000000000000000000008678008411111111600000863111111286111111149311111111111111111111111111505111111111111111111111111111111111280051111111111111111111111111111111682111111111111111111111111117095111115941111112345678990051111111258097555800000000000000000000000000000000000008311170853480511280000000000000000000000000000000000000000
0000000000000000000000000000000000000000000000000743590085447051400000821111247000000000000000000000000000083111357985321112797778890853111693111111159311111111111111111111111111505111111111111111111111111111111111170051111111111111111111111111111111771111111111111111111111111116000511112784456776532111124576444568996421111500000000000000000000000000000000000094111390987900965700000000000000000000000000000000000000000
0000000000000000000000000000000000000000000000006111160821112761270000964446790000000000000000000000000000083111111380098789721111124589856061111111158311111111111111111111111111605111111111111111111111111111111111170051111111111111111111111111111112871111111111111111111111111115099051111400000731111111111270000000721111115900000000000000000000000000000000000831111607311500000000000000000000000000000000000000000000000
0000000000000000000000000000000000000000000000007111160711111482139000000000000000000000000000000000000000008311111139000000821111111113790931111111159311111111111111111111111111605111111111111111111111111111111111160051111111111111111111111111111113961111111111111111111111111115072794111170005111111111124800000006211112480000000000000000000000000000000000007211113861111400980000000000000000000000000000000000000000000
0000000000000000000000000000000000000000000000009521380951111405114900000000000000000000000000000000000000000075321249000000072111111111150711111111159311111111111111111111111111605111111111111111111111111111111111150051111111111111111111111111111114051111111111111111111111111115071168211140094111111124680000000009655579000000000000000000000000000000000000962111116931111695216000000000000000000000000000000000000000000
0000000000000000000000000000000000000000000000000098900097556809411380000000000000000000000000000000000000000000098656909889008531111111140511111111150411111111111111111111111111605111111111111111111111111111111111140051111111111111111111111111111116041111111111111111111111111115071138511128009655567890864332334600990000000000000000000000000000000000000008411111149821112841115000000000000000000000000000000000000000000
0000000000000000000000000000000000000000000000000007445700084236841125900000000000000000000000000000000000000000973112862112457908653221159311111111150411111111111111111111111111605111111111111111111111111111111111139041111111111111111111111111111117831111111111111111111111111116061149821115000000000084211111112685223790000000000000000000000000000000000952111111280952248821116000000000000000000000000000000000000000000
0000000000000000000000000000000000000000000000000006111138082111485111258000000000000000000000000000000000000096311111661111111246900098807111111112470511111111111111111111111111506111111111111111111111111111111111139041111111111111111111111111111128711111111111111111111111111117098800051113908778900931111112466521111136900000000000000000000000000000085211111112700999900711139000000000000000000000000000000000000000000
0000000000000000000000000000000000000000000000000000621112706111150621111358900000000000000000000000000000097421111111146421111111490000006111111127000611111111111111111111111111507111111111111111111111111111111111128041111111111111111111111111111140611111111111111111111111111128075690082111693111260965555556531111111111247900000000000000000000000097421111111136743238000953480000000000000000000000000000000000000000000
0000000000000000000000000000000000000000000000000000085334800731270085211111246799000000000000000000000875421111111111112466543223598778005111111280989721111111111111111111111111408211111111111111111111111111111111117041111111111111111111111111111160511111111111111111111111111139051138004111494112477323333211111111111111111246890000000000000000086421111111112663111127086690000000000000000000000000000000000000000000000
0000000000000000000000000000000000000000000000000000000000000098974469842111111112345677889900999876543111111111111111111112345555431111605111111606216941111111111111111111111111399311111111111111111111111111111111116041111111111111111111111111111179311111111111111111111111111150061113906111277679006211111111111111111111111111124567788988887654211111111111258511111168411160000000000000000000000000000000000000000000000
0000000000000000000000000000000000000000000000000000000075456900041112598521111111111111112222221111111111111111111111111111111111111111605111114972116061111111111111111111111111280511111111111111111111111111111111116041111111111111111111111111111398211111111111111111111111111170061111707111160008778741111111111111111111111111111111111111111111111111111125809311112794111380000000000000000000000000000000000000000000000
0000000000000000000000000000000000000000000000000000000072111259072111149096421111111111111111111111111111111111111111111111111111111111605111117061114093111111111111111111111111170711111111111111111111111111111111115041111111111111111111111111111506111111111111111111111111111390094112708211150951111256311111111111111111111111111111111111111111111111113689889633469071112700000000000000000000000000000000000000000000000
0000000000000000000000000000000000000000000000000000000007421114877531128000086421111111111111111111111111111111111111111111111111111113805111139093113905111111111111111111111111150931111111111111111111111111111111115041111111111111111111111111111704111111111111111111111111111500088879008211150821111114863111111111111111111111111111111111111111111113579642115000000071137000000000000000000000000000000000000000000000000
0000000000000000000000000000000000000000000000000000000000085211114897680743468086421111111111111111111111111111111111111111111111112479005111150009658007111111111111111111111111140051111111111111111111111111111111115041111111111111111111111111112893111111111111111111111111111700513900008211140051111111509521111111111111111111111111111111111111112479083111138009767908790000000000000000000000000000000000000000000000000
0000000000000000000000000000000000000000000000000000000000000977780073350511112470097532111111111111111111111111111111111111111123556654805111170007679009311111111111111111111111128071111111111111111111111111111111114041111111111111111111111111114072111111111111111111111111113907111708698211140885211111390096311111111111111111111111111111111123578900941112599642112800000000000000000000000000000000000000000000000000000
0000000000000000000000000000000000000000000000000000000000000000000941115862111114900009765321111111111111111111111111111112456555321112805111280841113800511111111111111111111111116093111111111111111111111111111111114041111111111111111111111111116061111111111111111111111111116094111761147211140525764334677890085311111111111111111111111112346786432225974469083111148000000000000000000000000000000000000000000000000000000
0000000000000000000000000000000000000000000000000000000000000000000951111257643212707432345678765543221111111111112234456789853111111246906111409311111500821111111111111111111111113906111111111111111111111111111111114041111111111111111111111111128041111111111111111111111111139096312731146111140511135679411123690087643211111111111223456789000721111114900000084345800000000000000000000000000000000000000000000000000000000
0000000000000000000000000000000000000000000000000000000000000000000007411112465567907311111112600000099888887788889998877898211123455645907111507111111400051111111111111111111111111708211111111111111111111111111111114041111111111111111111111111150821111111111111111111111111168579965941274111150411111115721111126000000987776677788909765444479511112469864434800000000000000000000000000000000000000000000000000000000000000
0000000000000000000000000000000000000000000000000000000000000000000000086431136578908554332111280086555555679000864321111270876555431115008211608211111600082111111111111111111111111400511111111111111111111111111111114041111111111111111111111111380711111111111111111111111111495112580097872111150621112332464211111700964333344579000842111111128087789084111114800000000000000000000000000000000000000000000000000000000000000
0000000000000000000000000000000000000000000000000000000000000000000000000009880000005111233333456841111111113906212234444560009862111136009311600611113900006111111111111111111111111270821111111111111111111111111111114041111111111111111111111111500511111111111111111111111112772111113690073111160097669009744544446908311111111113908211111112370000000941123570000000000000000000000000000000000000000000000000000000000000000
0000000000000000000000000000000000000000000000000000000000000000000000000000000000007311111111111343333444444555555543211127000008666890000411600085569000009411111111111111111111111140051111111111111111111111111111115051111111111111111111111111700411111111111111111111111115831111111125709742170000000000093111112599632111111115897212234579000976555809890000000000000000000000000000000000000000000000000000000000000000000
0000000000000000000000000000000000000000000000000000000000000000000000000000000000000075422112579998762111111111478862111126000000000000000611600009778000760821111111111111111111111127082111111111111111111111111111115051111111111111111111111113909311111111111111111111111139511111111111136909790000000000072111111148008775555555235666664370963211346900000000000000000000000000000000000000000000000000000000000000000000000
0000000000000000000000000000000000000000000000000000000000000000000000000000000000000000009889000000006322111123800007556890000000000000000821500952112708216061111111111111111111111114905111111111111111111111111111115051111111111111111111111115008211111111111111111111111277211111111111111247900000000000097433335786532496222356641111113790955678000000000000000000000000000000000000000000000000000000000000000000000000000
0000000000000000000000000000000000000000000000000000000000000000000000000000000000000000000000000000000099988899000000000000000000000000000041400611111498212705111111111111111111111111608211111111111111111111111111116051111111111111111111111117007211111111111111111111111583111111111111111111247900000000000000096311113806445900072111137000000000000000000000000000000000000000000000000000000000000000000000000000000000000
0000000000000000000000000000000000000000000000000000000000000000000000000000000000000000000000000000000000000000000000000000000000000000000061280411111390843599411111111111111111111111380511111111111111111111111111117061111111111111111111111139007111111111111111111111114951111111111111111111111258000000000009631111138000000000009877800000000000000000000000000000000000000000000000000000000000000000000000000000000000000
0000000000000000000000000000000000000000000000000000000000000000000000000000000000000000000000000000000000000000000000000000000000000000000093160611111500000099931111111111111111111111150821111111111111111111111111117061111111111111111111111150006111111111111111111111128075211111111111111111111111369000000083111111490000000000000000000000000000000000000000000000000000000000000000000000000000000000000000000000000000000
0000000000000000000000000000000000000000000000000000000000000000000000000000000000000000000000000000000000000000000000000000000000000000000005128941113800009733883111111111111111111111127061111111111111111111111111128071111111111111111111111280006111111111111111111111260000963111111111111111111111112470000621111126900000000000000000000000000000000000000000000000000000000000000000000000000000000000000000000000000000000
0000000000000000000000000000000000000000000000000000000000000000000000000000000000000000000000000000000000000000087777778990000000000000000009313997679000973111388311111111111111111111113993111111111111111111111111139082111111111111111111111400006111111111111111111112700009457852111111111111111111111113805111111280000000000000000000000000000000000000000000000000000000000000000000000000000000000000000000000000000000000
0000000000000000000000000000000000000000000000000000000000000000000000000000000000000000000000000000000000000000062111111123578000000000000000611490000008411111138821111111111111111111111606111111111111111111111111140082111111111111111111111500006111111111111111111116000000411478621111111111111111111113961111112700000000000000000000000000000000000000000000000000000000000000000000000000000000000000000000000000000000000
0000000000000000000000000000000000000000000000000000000000000000000000000000000000000000000000000000000000000000009742111111112357900000000000931137009742111111113872111111111111111111111389311111111111111111111111150093111111111111111111111700006111111111111111111149000000511113676311111111111111111116821111115000000000000000000000000000000000000000000000000000000000000000000000000000000000000000000000000000000000000
0000000000000000000000000000000000000000000000000000000000000000000000000000000000000000000000000000000000000000000009863111111111258000000000082126963111111111111388311111111111111111111150611111111111111111111111160004111111111111111111113900006111111111111111111380000000721111115085211111111111111148411111139900000000000000000000000000000000000000000000000000000000000000000000000000000000000000000000000000000000000
0000000000000000000000000000000000000000000000000000000000000000000000000000000000000000000000000000000000000000000000000731111111112580000000007686311111111111111138941111111111111111111127931111111111111111111111280005111111111111111111114000007111111111111111112700000000941111113997864111111111111286111111159335790000000000000000000000000000000000000000000000000000000000000000000000000000000000000000000000000000000
0000000000000000000000000000000000000000000000000000000000000000000000000000000000000000000000000000000000000000000000000096211111111127000000009631111111111111111113895111111111111111111114961111111111111111111111390007111111111111111111116000007111111111111111115000000000061111111705257852111111111572111111277211124690000000000000000000000000000000000000000000000000000000000000000000000000000000000000000000000000000
0000000000000000000000000000000000000000000000000000000000000000000000000000000000000000000000000000000000000000000000000000721111111111600000962111111111111111111137000621111111111111111111693111111111111111111111500008211111111111111111117000008211111111111111139000000000093111111399311368752111114831111111396111111124680000000000000000000000000000000000000000000000000000000000000000000000000000000000000000000000000
0000000000000000000000000000000000000000000000000000000000000000000000000000000000000000000000000000000000000000000000000000072111111111149095211111111111111111113787000072111111111111111111396111111111111111111111600000411111111111111111128000009311111111111111170000000000007111111149831115099742148311111111504111111111113579000000000000000000000000000000000000000000000000000000000000000000000000000000000000000000000
0000000000000000000000000000000000000000000000000000000000000000000000000000000000000000000000000000000000000000000000000000005111111111114951111111111111111111379933900007211111111111111111178211111111111111111112800000511111111111111111139000000411111111111111400000000000000511111114885226073589883111111111772111111111111112468000000000000000000000000000000000000000000000000000000000000000000000000000000000000000000
0000000000000000000000000000000000000000000000000000000000000000000000000000000000000000000000000000000000000000000000000000009311111111111583111111111111111137856712800000621111111111111111150511111111111111111114000000721111111111111111140000000511111111111111700000000000000931111111258990009899621111111113951111111111111111111356890000000000000000000000000000000000000000000000000000000000000000000000000000000000000
0000000000000000000000000000000000000000000000000000000000000000000000000000000000000000000000000000000000000000000000000000000611111111111158411111111111113799438512800000051111111111111111139711111111111111111116000000941111111111111111150000000711111111111113900000000000000083111111111356777642111111111116821111111111111111111111123456667776665554433333345790000000000000000000000000000000000000000000000000000000000
0000000000000000000000000000000000000000000000000000000000000000000000000000000000000000000000000000000000000000000000000000000951111111111114862111111111379540996213800000094111111111111111128931111111111111111128000000061111111111111111150000000931111111111114000000000000000008311111111111111111111111111139511111111111111111111111111111111111111111111111111124700000000000000000000000000000000000000000000000000000000
0000000000000000000000000000000000000000000000000000000000000000000000000000000000000000000000000000000000000000000000000000000005111111111111268642111247983150952113900000008311111111111111128051111111111111111140000000083111111111111111150000000051111111111116000000000000000000941111111111111111111111111278211111111111111111111111111111111111111111111111111111149000000000000000000000000000000000000000000000000000000
0000000000000000000000000000000000000000000000000000000000000000000000000000000000000000000000000000000000000000000000000000008579511111111111112467777800087776311114000000000821111111111111128061111111111111111160000000007211111111111111150000000071111111111116000000000000000000007311111111111111111111112708421111111111111111111111111111111111111111111111111111113800000000000000000000000000000000000000000000000000000
0000000000000000000000000000000000000000000000000000000000000000000000000000000000000000000000000000000000000000000000000000741115962111111111111111234455543211111116000000000051111111111111139082111111111111111280000000000511111111111111150000000093111111111116000000000000000000000963111111111111111111148000097421111111111111111111111111111111111111111111111111111390000000000000000000000000000000000000000000000000000
0000000000000000000000000000000000000000000000000000000000000000000000000000000000000000000000000000000000000000000000000963111111487311111111111111111111111111111128000000000082111111111111150093111111111111111500000000000821111111111111150000000006111111111116000000000000000085334699753111111111111124700000000086421111111111111111111111111111111111111111111111111150000000000000000000000000000000000000000000000000000
0000000000000000000000000000000000000000000000000000000000000000000000000000000000000000000876667890000000000000000000096311111111138941111111111111111111111111111150000000000004111111111111170093111111111111111700000000000051111111111111150000000009311111111115000000000000000009511138000865443333345790000000000000084111111111111111111111111111111111111111111111111128000000000000000000000000000000000000000000000000000
0000000000000000000000000000000000000000000000000000000000000000000000000000000000000000074211111123456778899000000008631111111111112587411111111111111111111111111280000000000005111111111111390004111111111111113900000000000082111111111111140000000000611111111114000000000000000000821114900000000000000000000000000000000741111111111111111111111111111111111111111111111115000000000000000000000000000000000000000000000000000
0000000000000000000000000000000000000000000000000000000000000000000000000000000000000009411111111111111111122333444331111111111111111125875211111111111111111111112700000000000006111111111111600004111111111111116000000000000006111111111111139000000000931111111112800000000000000000041111600000000000000000000000000000000007411111111111111111111111111111111111111111111113900000000000000000000000000000000000000000000000000
0000000000000000000000000000000000000000000000000000000000000000000000000000000000000083111111111111111111111111111111111111111111111111257975311111111111111111148000000000000007111111111113900004111111111111139000000000000009411111111111117000000000072111111111500000000000000000931111400000000000000000000000000000000000062111111111111111111111111111111111111111111112800000000000000000000000000000000000000000000000000
0000000000000000000000000000000000000000000000000000000000000000000000000000000000000721111111111111111111111111111111111111111111111111113800087543211111111135700000000000000007111111111116000093111111111111170000000000000000931111111111115000000000006111111111280000000000000000821111280000000000000000000000000000000000009411111111111111111111111111111111111111111111700000000000000000000000000000000000000000000000000
0000000000000000000000000000000000000000000000000000000000000000000000000000000000007211111111111111111111111111111111111111111111111111259000000000998877766800000000000000000006111111111149000093111111111111500000000000000000082111111111113900000000000511111111138000000000000000511111280000000000000000000000000000000000000951111111111111111111111111111111111111111111600000000000000000000000000000000000000000000000000
0000000000000000000000000000000000000000000000000000000000000000000000000000000000082111111111111111111111111111111111111111111111111114800000000000000008423800000000000000000004111111111380000071111111111113800000000000000000007211111111111700000000000051111111113800000000000006211132280000000000000000000000000000000000000005111111111111111111111111111111111111111111600000000000000000000000000000000000000000000000000
0000000000000000000000000000000000000000000000000000000000000000000000000000000000051111111111111111111111111111111111111111111111111370000000000000000962117000000000000000000082111111112800000061111111111127000000000000000000000721111111111400000000000006211111111258000000000952135558780000000000000000000000000000000000000009411111111111111111111111111111111111111112800000000000000000000000000000000000000000000000000
0000000000000000000000000000000000000000000000000000000000000000000000000000000000041111111111111111111111111111111111111111111111126900000000000000000611116000000000000000000941111111127000000941111111111160000000000000000000000072111111111170000000000000831111111112356777764212563114000000000000000000000000000000000000000000821111111111111111111111111111111111111248000000000000000000000000000000000000000000000000000
0000000000000000000000000000000000000000000000000000000000000000000000000000000000051111111111111111111111111111111111111111111111380000000000000000009557633800000000000000008311111111380000000711111111111500000000000000000000000007211111111139000000000000096211111111111111111127621115000000000000000000000000000000000000000000051111111111111111111111111111111233457900000000000000000000000000000000000000000000000000000
0000000000000000000000000000000000000000000000000000000000000000000000000000000000094111111111111111111111111111111111111111111113900000000000000000009863474370000000000000062111111114800000009311111111115000000000000000000000000000831111111114900000000000000963111111111111111488211138000000000000000000000000000000000000000000082111111111111111111111111123568900000000000000000000000000000000000000000000000000000000000
0000000000000000000000000000000000000000000000000000000000000000000000000000000000009731111111354211111111111111111111111111111138000000000000000000000721125524790000000096311111111269000000005111111111260000000000000000000000000000095211111111590000000000000000865321111112357009423690000000000000000000000000000000000000000000005111111111111111111111113556900000000000000000000000000000000000000000000000000000000000000
0000000000000000000000000000000000000000000000000000000000000000000000000000000000000008531111138831111111111111111111111111111380000000000000000000000831111662124566665421111111125800000000051111111113700000000000000000000000000000000731111111138000000000000000008656678887644360090000000000000000000000000000000000000000000000007111111111111111111111112116000000000000000000000000000000000000000000000000000000000000000
0000000000000000000000000000000000000000000000000000000000000000000000000000000000000000008642114972111111111111111111111111111500000000000000000000000084111398411111111111111112580000000009411111111259000000000000000000000000000000000096211111112700000000000000007422259941111480000000000000000000000000000000000000000000000000009311111111111111111111111117000000000000000000000000000000000000000000000000000000000000000
0000000000000000000000000000000000000000000000000000000000000000000000000000000000000000000009866993111111111111111111111111111600000000000000000000000009644700074211111111124579000000000962111111135800000000000000000000000000000000000000952111111159000000000000000099900076678000000000000000000000000000000000000000000000000000000511111111111111111111111117000000000000000000000000000000000000000000000000000000000000000
0000000000000000000000000000000000000000000000000000000000000000000000000000000000000000000000000082111111111111111111111111111600000000000000000000000000000083345666544445790000000000975211111114690000000000000000000000000000000000000000009631111112690000000000000000000000000000000000000000000000000000000000000000000000000000000931111111111111111111111116000000000000000000000000000000000000000000000000000000000000000
0000000000000000000000000000000000000000000000000000000000000000000000000000000000000000000000000071111111111111111111111111111600000000000000000000000000000095111149074222600000877654211111112580000000000000000000000000000000000000000000000096311111136900000000000000000000000000000000000000000000000000000000000000000000000000000084211111111111111111111117000000000000000000000000000000000000000000000000000000000000000
0000000000000000000000000000000000000000000000000000000000000000000000000000000000000000000000000061111111111111111111111111111600000000000000000000000000000000754348086557900000643221122345689000000000000000000000000000000000000000000000000000986421111369000000000000000000000000000000000000000000000000000000000000000000000000000000876433211111111111111259000000000000000000000000000000000000000000000000000000000000000
0000000000000000000000000000000000000000000000000000000000000000000000000000000000000000000000000041111111111111111111111111111700000000000000000000000000000000000000000000000000000999999000000000000000000000000000000000000000000000000000000000000097532112690000000000000000000000000000000000000000000000000000000000000000000000000000000000987766555555567900000000000000000000000000000000000000000000000000000000000000000
0000000000000000000000000000000000000000000000000000000000000000000000000000000000000000000000000931111111111111111111111111112800000000000000000000000000000000000000000000000000000000000000000000000000000000000000000000000000000000000000000000000000009865580000000000000000000000000000000000000000000000000000000000000000000000000000000000000000000000000000000000000000000000000000000000000000000000000000000000000000000
0000000000000000000000000000000000000000000000000000000000000000000000000000000000000000000000000821111111111111111111111111115000000000000000000000000000000000000000000000000000000000000000000000000000000000000000000000000000000000000000000000000000000000000000000000000000000000000000000000000000000000000000000000000000000000000000000000000000000000000000000000000000000000000000000000000000000000000000000000000000000
0000000000000000000000000000000000000000000000000000000000000000000000000000000000000000000000000941111111111111111111111111159000000000000000000000000000000000000000000000000000000000000000000000000000000000000000000000000000000000000000000000000000000000000000000000000000000000000000000000000000000000000000000000000000000000000000000000000000000000000000000000000000000000000000000000000000000000000000000000000000000
0000000000000000000000000000000000000000000000000000000000000000000000000000000000000000000000000095211111111111111111111114700000000000000000000000000000000000000000000000000000000000000000000000000000000000000000000000000000000000000000000000000000000000000000000000000000000000000000000000000000000000000000000000000000000000000000000000000000000000000000000000000000000000000000000000000000000000000000000000000000000
0000000000000000000000000000000000000000000000000000000000000000000000000000000000000000000000000000975311111111111111113580000000000000000000000000000000000000000000000000000000000000000000000000000000000000000000000000000000000000000000000000000000000000000000000000000000000000000000000000000000000000000000000000000000000000000000000000000000000000000000000000000000000000000000000000000000000000000000000000000000000
0000000000000000000000000000000000000000000000000000000000000000000000000000000000000000000000000000000087654433223345680000000000000000000000000000000000000000000000000000000000000000000000000000000000000000000000000000000000000000000000000000000000000000000000000000000000000000000000000000000000000000000000000000000000000000000000000000000000000000000000000000000000000000000000000000000000000000000000000000000000000
0000000000000000000000000000000000000000000000000000000000000000000000000000000000000000000000000000000000000000000000000000000000000000000000000000000000000000000000000000000000000000000000000000000000000000000000000000000000000000000000000000000000000000000000000000000000000000000000000000000000000000000000000000000000000000000000000000000000000000000000000000000000000000000000000000000000000000000000000000000000000
0000000000000000000000000000000000000000000000000000000000000000000000000000000000000000000000000000000000000000000000000000000000000000000000000000000000000000000000000000000000000000000000000000000000000000000000000000000000000000000000000000000000000000000000000000000000000000000000000000000000000000000000000000000000000000000000000000000000000000000000000000000000000000000000000000000000000000000000000000000000000
0000000000000000000000000000000000000000000000000000000000000000000000000000000000000000000000000000000000000000000000000000000000000000000000000000000000000000000000000000000000000000000000000000000000000000000000000000000000000000000000000000000000000000000000000000000000000000000000000000000000000000000000000000000000000000000000000000000000000000000000000000000000000000000000000000000000000000000000000000000000000
0000000000000000000000000000000000000000000000000000000000000000000000000000000000000000000000000000000000000000000000000000000000000000000000000000000000000000000000000000000000000000000000000000000000000000000000000000000000000000000000000000000000000000000000000000000000000000000000000000000000000000000000000000000000000000000000000000000000000000000000000000000000000000000000000000000000000000000000000000000000000
0000000000000000000000000000000000000000000000000000000000000000000000000000000000000000000000000000000000000000000000000000000000000000000000000000000000000000000000000000000000000000000000000000000000000000000000000000000000000000000000000000000000000000000000000000000000000000000000000000000000000000000000000000000000000000000000000000000000000000000000000000000000000000000000000000000000000000000000000000000000000
0000000000000000000000000000000000000000000000000000000000000000000000000000000000000000000000000000000000000000000000000000000000000000000000000000000000000000000000000000000000000000000000000000000000000000000000000000000000000000000000000000000000000000000000000000000000000000000000000000000000000000000000000000000000000000000000000000000000000000000000000000000000000000000000000000000000000000000000000000000000000
0000000000000000000000000000000000000000000000000000000000000000000000000000000000000000000000000000000000000000000000000000000000000000000000000000000000000000000000000000000000000000000000000000000000000000000000000000000000000000000000000000000000000000000000000000000000000000000000000000000000000000000000000000000000000000000000000000000000000000000000000000000000000000000000000000000000000000000000000000000000000
