0000000000000000000000000000000000000000000000000000000000000000000000000000000000000000000000000000000000000000000000000000000000000000000000000000000000000000000000000000000000000000000000000000000000000000000000000000000000000000000000000000000000000000000000000000000000000000000000000000000000000000000000000000000000000000000000000000000000000000000000000000000000000000000000000000000000000000000000000000000000000
0000000000000000000000000000000000000000000000000000000000000000000000000000000000000000000000000000000000000000000000000000000000000000000000000000000000000000000000000000000000000000000000000000000000000000000000000000000000000000000000000000000000000000000000000000000000000000000000000000000000000000000000000000000000000000000000000000000000000000000000000000000000000000000000000000000000000000000000000000000000000
0000000000000000000000000000000000000000000000000000000000000000000000000000000000000000000000000000000000000000000000000000000000000000000000000000000000000000000000000000000000000000000000000000000000000000000000000000000000000000000000000000000000000000000000000000000000000000000000000000000000000000000000000000000000000000000000000000000000000000000000000000000000000000000000000000000000000000000000000000000000000
0000000000000000000000000000000000000000000000000000000000000000000000000000000000000000000000000000000000000000000000000000000000000000000000000000000000000000000000000000000000000000000000000000000000000000000000000000000000000000000000000000000000000000000000000000000000000000000000000000000000000000000000000000000000000000000000000000000000000000000000000000000000000000000000000000000000000000000000000000000000000
0000000000000000000000000000000000000000000000000000000000000000000000000000000000000000000000000000000000000000000000000000000000000000000000000000000000000000000000000000000000000000000000000000000000000000000000000000000000000000000000000000000000000000000000000000000000000000000000000000000000000000000000000000000000000000000000000000000000000000000000000000000000000000000000000000000000000000000000000000000000000
0000000000000000000000000000000000000000000000000000000000000000000000000000000000000000000000000000000000000000000000000000000000000000000000000000000000000000000000000000000000000000000000000000000000000000000000000000000000000000000000000000000000000000000000000000000000000000000000000000000000000000000000000000000000000000000000000000000000000000000000000000000000000000000000000000000000000000000000000000000000000
0000000000000000000000000000000000000000000000000000000000000000000000000000000000000000000000000000000000000000000000000000000000000000000000000000000000000000000000000000000000000000000000000000000000000000000000000000000000000000000000000000000000000000000000000000000000000000000000000000000000000000000000000000000000000000000000000000000000000000000000000000000000000000000000000000000000000000000000000000000000000
0000000000000000000000000000000000000000000000000000000000000000000000000000000000000000000000000000000000000000000000000000000000000000000000000000000000000000000000000000000000000000000000000000000000000000000000000000000000000000000000000000000000000000000000000000000000000000000000000000000000000000000000000000000000000000000000000000000000000000000000000000000000000000000000000000000000000000000000000000000000000
0000000000000000000000000000000000000000000000000000000000000000000000000000000000000000000000000000000000000000000000000000000000000000000000000000000000000000000000000000000000000000000000000000000889665554447777777777774445556698800000000000000000000000000000000000000000000000000000000000000000000000000000000000000000000000000000000000000000000000000000000000000000000000000000000000000000000000000000000000000000000
0000000000000000000000000000000000000000000000000000000000000000000000000000000000000000000000000000000000000000000000000000000000000000000000000000000000000000000000000000000000000000000000896547732211111111111111111111111111111111237745698000000000000000000000000000000000000000000000000000000000000000000000000000000000000000000000000000000000000000000000000000000000000000000000000000000000000000000000000000000000000
0000000000000000000000000000000000000000000000000000000000000000000000000000000000000000000000000000000000000000000000000000000000000000000000000000000000000000000000000000000000000008965473211111111111111111111111111111111111111111111111112345698000000000000000000000000000000000000000000000000000000000000000000000000000000000000000000000000000000000000000000000000000000000000000000000000000000000000000000000000000000
0000000000000000000000000000000000000000000000000000000000000000000000000000000000000000000000000000000000000000000000000000000000000000000000000000000000000000000000000000000000895472111111111111111111111111111111111111111111111111111111111111112746900000000000000000000000000000000000000000000000000000000000000000000000000000000000000000000000000000000000000000000000000000000000000000000000000000000000000000000000000
0000000000000000000000000000000000000000000000000000000000000000000000000000000000000000000000000000000000000000000000000000000000000000000000000000000000000000000000000000089547211111111111111111111111111111111111111111111111111111111111111111111111134680000000000000000000000000000000000000000000000000000000000000000000000000000000000000000000000000000000000000000000000000000000000000000000000000000000000000000000000
0000000000000000000000000000000000000000000000000000000000000000000000000000000000000000000000000000000000000000000000000000000000000000000000000000000000000000000000000895721111111111111111111111111111111111111111111111111111111111111111111111111111111123590000000000000000000000000000000000000000000000000000000000000000000000000000000000000000000000000000000000000000000000000000000000000000000000000000000000000000000
0000000000000000000000000000000000000000000000000000000000000000000000000000000000000000000000000000000000000000000000000000000000000000000000000000000000000000000000857211111111111111111111111111111111111111111111111111111111111111111111111111111111111111113490000000000000000000000000000000000000000000000000000000000000000000000000000000000000000000000000000000000000000000000000000000000000000000000000000000000000000
0000000000000000000000000000000000000000000000000000000000000000000000000000000000000000000000000000000000000000000000000000000000000000000000000000000000000000000067211111111111111111111111111111111111111111111111111111111111111111111111111111111111111111111117900000000000000000000000000000000000000000000000000000000000000000000000000000000000000000000000000000000000000000000000000000000000000000000000000000000000000
0000000000000000000000000000000000000000000000000000000000000000000000000000000000000000000000000000000000000000000000000000000000000000000000000000000000000000094311111111111111111111111111111111111111111111111111111111111111111111111111111111111111111111111111176800000000000000000000000000000000000000000000000000000000000000000000000000000000000000000000000000000000000000000000000000000000000000000000000000000000000
0000000000000000000000000000000000000000000000000000000000000000000000000000000000000000000000000000000000000000000000000000000000000000000000000000000000000085311111111111111111111111111111111111111111111111111111111111111111111111111111111111111111111111111111111368000000000000000000000000000000000000000000000000000000000000000000000000000000000000000000000000000000000000000000000000000000000000000000000000000000000
0000000000000000000000000000000000000000000000000000000000000000000000000000000000000000000000000000000000000000000000000000000000000000000000000000000000006721111111111111111111111111111111111111111111111111111111111111111111111111111111111111111111111111111111111113580000000000000000000000000000000000000000000000000000000000000000000000000000000000000000000000000000000000000000000000000000000000000000000000000000000
0000000000000000000000000000000000000000000000000000000000000000000000000000000000000000000000000000000000000000000000000000000000000000000000000000000008531111111111111111111111111111111111111111111111111111111111111111111111111111111111111111111111111111111111111111125800000000000000000000000000000000000000000000000000000000000000000000000000000000000000000000000000000000000000000000000000000000000000000000000000000
0000000000000000000000000000000000000000000000000000000000000000000000000000000000000000000000000000000000000000000000000000000000000000000000000000000642111111111111111111111111111111111111111111111111111111111111111111111111111111111111111111111111111111111111111111111390000000000000000000000000000000000000000000000000000000000000000000000000000000000000000000000000000000000000000000000000000000000000000000000000000
0000000000000000000000000000000000000000000000000000000000000000000000000000000000000000000000000000000000000000000000000000000000000000000000000000063111111111111111111111111111111111111111111111111111111111111111111111111111111111111111111111111111111111111111111111111125800000000000000000000000000000000000000000000000000000000000000000000000000000000000000000000000000000000000000000000000000000000000000000000000000
0000000000000000000000000000000000000000000000000000000000000000000000000000000000000000000000000000000000000000000000000000000000000000000000000009711111111111111111111111111111111111111111111111111111111111111111111111111111111111111111111111111111111111111111111111111111780000000000000000000000000000000000000000000000000000000000000000000000000000000000000000000000000000000000000000000000000000000000000000000000000
0000000000000000000000000000000000000000000000000000000000000000000000000000000000000000000000000000000000000000000000000000000000000000000000000842111111111111111111111111111111111111111111111111111111111111111111111111111111111111111111111111111111111111111111111111111111139000000000000000000000000000000000000000000000000000000000000000000000000000000000000000000000000000000000000000000000000000000000000000000000000
0000000000000000000000000000000000000000000000000000000000000000000000000000000000000000000000000000000000000000000000000000000000000000000000006311111111111111111111111111111111111111111111111111111111111111111111111111111111111111111111111111111111111111111111111111111111112900000000000000000000000000000000000000000000000000000000000000000000000000000000000000000000000000000000000000000000000000000000000000000000000
0000000000000000000000000000000000000000000000000000000000000000000000000000000000000000000000000000000000000000000000000000000000000000000000841111111111111111111111111111111111111111111111111111111111111111111111111111111111111111111111111111111111111111111111111111111111111290000000000000000000000000000000000000000000000000000000000000000000000000000000000000000000000000000000000000000000000000000000000000000000000
0000000000000000000000000000000000000000000000000000000000000000000000000000000000000000000000000000000000000000000000000000000000000000000009311111111111111111111111111111111111111111111111111111111111111111111111111111111111111111111111111111111111111111111111111111111111111129000000000000000000000000000000000000000000000000000000000000000000000000000000000000000000000000000000000000000000000000000000000000000000000
0000000000000000000000000000000000000000000000000000000000000000000000000000000000000000000000000000000000000000000000000000000000000000000093111111111111111111111111111111111111111111111111111111111111111111111111111111111111111111111111111111111111111111111111111111111111111113800000000000000000000000000000000000000000000000000000000000000000000000000000000000000000000000000000000000000000000000000000000000000000000
0000000000000000000000000000000000000000000000000000000000000000000000000000000000000000000000000000000000000000000000000000000000000000000621111111111111111111111111111111111111111111111111111111111111111111111111111111111111111111111111111111111111111111111111111111111111111111780000000000000000000000000000000000000000000000000000000000000000000000000000000000000000000000000000000000000000000000000000000000000000000
0000000000000000000000000000000000000000000000000000000000000000000000000000000000000000000000000000000000000000000000000000000000000000006211111111111111111111111111111111111111111111111111111111111111111111111111111111111111111111111111111111111111111111111111111111111111111111150000000000000000000000000000000000000000000000000000000000000000000000000000000000000000000000000000000000000000000000000000000000000000000
0000000000000000000000000000000000000000000000000000000000000000000000000000000000000000000000000000000000000000000000000000000000000000093111111111111111111111111111111111111111111111111111111111111111111111111111111111111111111111111111111111111111111111111111111111111111111111129000000000000000000000000000000000000000000000000000000000000000000000000000000000000000000000000000000000000000000000000000000000000000000
0000000000000000000000000000000000000000000000000000000000000000000000000000000000000000000000000000000000000000000000000000000000000000071111111111111111111111111111111111111111111111111111111111111111111111111111111111111111111111111111111111111111111111111111111111111111111111114000000000000000000000000000000000000000000000000000000000000000000000000000000000000000000000000000000000000000000000000000000000000000000
0000000000000000000000000000000000000000000000000000000000000000000000000000000000000000000000000000000000000000000000000000000000000000611111111111111111111111111111111111111111111111111111111111111111111111111111111111111111111111111111111111111111111111111111111111111111111111112900000000000000000000000000000000000000000000000000000000000000000000000000000000000000000000000000000000000000000000000000000000000000000
0000000000000000000000000000000000000000000000000000000000000000000000000000000000000000000000000000000000000000000000000000000000000008311111111111111111111111111111111111111111111111111111111111111111111111111111111111111111111111111111111111111111111111111111111111111111111111111400000000000000000000000000000000000000000000000000000000000000000000000000000000000000000000000000000000000000000000000000000000000000000
0000000000000000000000000000000000000000000000000000000000000000000000000000000000000000000000000000000000000000000000000000000000000005111111111111111111111111111111111111111111111111111111111111111111111111111111111111111111111111111111111111111111111111111111111111111111111111111380000000000000000000000000000000000000000000000000000000000000000000000000000000000000000000000000000000000000000000000000000000000000000
0000000000000000000000000000000000000000000000000000000000000000000000000000000000000000000000000000000000000000000000000000000000000083111111111111111111111111111111111111111111111111111111111111111111111111111111111111111111111111111111111111111111111111111111111111111111111111111160000000000000000000000000000000000000000000000000000000000000000000000000000000000000000000000000000000000000000000000000000000000000000
0000000000000000000000000000000000000000000000000000000000000000000000000000000000000000000000000000000000000000000000000000000000000061111111111111111111111111111111111111111111111111111111111111111111111111111111111111111111111111111111111111111111111111111111111111111111111111111140000000000000000000000000000000000000000000000000000000000000000000000000000000000000000000000000000000000000000000000000000000000000000
0000000000000000000000000000000000000000000000000000000000000000000000000000000000000000000000000000000000000000000000000000000000000041111111111111111111111111111111111111111111111111111111111111111111111111111111111111111111111111111111111111111111111111111111111111111111111111111138000000000000000000000000000000000000000000000000000000000000000000000000000000000000000000000000000000000000000000000000000000000000000
0000000000000000000000000000000000000000000000000000000000000000000000000000000000000000000000000000000000000000000000000000000000000071111111111111111111111111111111111111111111111111111111111111111111111111111111111111111111111111111111111111111111111111111111111111111111111111111129000000000000000000000000000000000000000000000000000000000000000000000000000000000000000000000000000000000000000000000000000000000000000
0000000000000000000000000000000000000000000000000000000000000000000000000000000000000000000000000000000000000000000000000000000000000831111111111111111111111111111111111111111111111111111111111111111111111111111111111111111111111111111111111111111111111111111111111111111111111111111115000000000000000000000000000000000000000000000000000000000000000000000000000000000000000000000000000000000000000000000000000000000000000
0000000000000000000000000000000000000000000000000000000000000000000000000000000000000000000000000000000000000000000000000000000000000831111111111111111111111111111111111111111111111111111111111111111111111111111111111111111111111111111111111111111111111111111111111111111111111111111115000000000000000000000000000000000000000000000000000000000000000000000000000000000000000000000000000000000000000000000000000000000000000
0000000000000000000000000000000000000000000000000000000000000000000000000000000000000000000000000000000000000000000000000000000000000831111111111111111111111111111111111111111111111111111111111111111111111111111111111111111111111111111111111111111111111111111111111111111111111111111114000000000000000000000000000000000000000000000000000000000000000000000000000000000000000000000000000000000000000000000000000000000000000
0000000000000000000000000000000000000000000000000000000000000000000000000000000000000000000000000000000000000000000000000000000000000831111111111111111111111111111111111111111111111111111111111111111111111111111111111111111111111111111111111111111111111111111111111111111111111111111114000000000000000000000000000000000000000000000000000000000000000000000000000000000000000000000000000000000000000000000000000000000000000
0000000000000000000000000000000000000000000000000000000000000000000000000000000000000000000000000000000000000000000000000000000000000071111111111111111111111111111111111111111111111111111111111111111111111111111111111111111111111111111111111111111111111111111111111111111111111111111114000000000000000000000000000000000000000000000000000000000000000000000000000000000000000000000000000000000000000000000000000000000000000
0000000000000000000000000000000000000000000000000000000000000000000000000000000000000000000000000000000000000000000000000000000000000041111111111111111111111111111111111111111111111111111111111111111111111111111111111111111111111111111111111111111111111111111111111111111111111111111114000000000000000000000000000000000000000000000000000000000000000000000000000000000000000000000000000000000000000000000000000000000000000
0000000000000000000000000000000000000000000000000000000000000000000000000000000000000000000000000000000000000000000000000000000000000051111111111111111111111111111111111111111111111111111111111111111111111111111111111111111111111111111111111111111111111111111111111111111111111111111115000000000000000000000000000000000000000000000000000000000000000000000000000000000000000000000000000000000000000000000000000000000000000
0000000000000000000000000000000000000000000000000000000000000000000000000000000000000000000000000000000000000000000000000000000000000092111111111111111111111111111111111111111111111111111111111111111111111111111111111111111111111111111111111111111111111111111111111111111111111111111116000000000000000000000000000000000000000000000000000000000000000000000008647333374680000000000000000000000000000000000000000000000000000
0000000000000000000000000000000000000000000000000000000000000000000000000000000000000000000000000000000000000000000000000000000000000007111111111111111111111111111111111111111111111111111111111111111111111111111111111111111111111111111111111111111111111111111111111111111111111111111129000000000000000000000000000000000000000000000000000000000000000000000853111111111123468000000000000000000000000000000000000000000000000
0000000000000000000000000000000000000000000000000000000000000000000000000000000000000000000000000000000000000000000000000000000000000005111111111111111111111111111111111111111111111111111111111111111111111111111111111111111111111111111111111111111111111111111111111111111111111111111138000000000000000000000000000000000000000000000000000000000000000000006311111111111111113490000000000000000000000000000000000000000000000
0000000000000000000000000000000000000000000000000000000000000000000000000000000000000000000000000000000000000000000000000000000000000008311111111111111111111111111111111111111111111111111111111111111111111111111111111111111111111111111111111111111111111111111111111111111111111111111150000000000000000000000000000000000000000000000000000000000000000000062111111111111111111117900000000000000000000000000000000000000000000
0000000000000000000000000000000000000000000000000000000000000000000000000000000000000000000000000000000000000000000000000000000000000000511111111111111111111111111111111111111111111111111111111111111111111111111111111111111111111111111111111111111111111111111111111111111111111111111290000000000000000000000000000000000000000000000000000000000000000000831111111111111111111111390000000000000000000000000000000000000000000
0000000000000000000000000000000000000000000000000000000000000000000000000000000000000000000000000000000000000000000000000000000000000000831111111111111111111371111111111111111111111111111111111111111111111111111111111111111111111111111111111111111111111111111111111111111111111111111400000000000000000000000000000000000000000000000000000000000000000000511111111111111111111111150000000000000000000000000000000000000000000
0000000000000000000000000000000000000000000000000000000000000000000000000000000000000000000000000000000000000000000000000000000000000000051111111111111111111397111111111111111111111111111111111111111111111111111111111111111111111111111111111111111111111111111117411111111111111111113800000000000000000000000000000000000000000000000000000000000000000000411111111111111111111111140000000000000000000000000000000000000000000
0000000000000000000000000000000000000000000000964477444569800000000000000000000000000000000000000000000000000000000000000000000000000000087111111111111111111169211111111111111111111111111111111111111111111111111111111111111111111111111111111111111111111111111179311111111111111111115000000000000000000000000000000000000000000000000000000000000000000000511111111111111111111111150000000000000000000000000000000000000000000
0000000000000000000000000000000000000000000097211111111111237568000000000000000000000000000000000000000000000000000000000000000000000000009211111111111111111138511111111111111111111111111111111111111111111111111111111111111111111111111111111111111111111111111785111111111111111111138000000000000000000000000000000000000000000000000000000000000000000000611111111111111111111111160000000000000000000000000000000000000000000
0000000000000000000000000000000000000000000931111111111111111112759000000000000000000000000000000000000000000000000000000000000000000000000511111111111111111117852111111111111111111111111111111111111111111111111111111111111111111111111111111111111111111111114862111111111111111111160000000000000000000000000000000000000000000000000000000000000000000000831111111111111111111111380000000000000000000000000000000000000000000
0000000000000000000000000000000000000000000511111111111111111111111358000000000000000000000000000000000000000000000000000000000000000000000831111111111111111111789311111111111111111111111111111111111111111111111111111111111111111111111111111111111111111111368621111111111111111111780000000000000000000000000000000000000000000000000000000000000000000000041111111111111111111111709000000000000000000000000000000000000000000
0000000000000000000000000000000000000000000511111111111111111111111112500000000000000000000000000000000000000000000000000000000000000000000062111111111111111111136863111111111111111111111111111111111111111111111111111111111111111111111111111111111111111135884111111111111111111112600000000000000000000000000000000000000000000000000000000000000000000000051111111111111111111111487346800894737680000000000000000000000000000
0000000000000000000000000000000000000000000511111111111111111111111111290000000000000000000000000000000000000000000000000000000000000000000004111111111111111111112490943111111111111111111111111111111111111111111111111111111111111111111111111111111111127689421111111111111111111117000000000000000000000000000000000000000000000000000000000000000000000000051111111111111111111111384111233211111136000000000000000000000000000
0000000000000000000000000000000000000000000921111111111111111111111111150000000000000000000000000000000000000000000000000000000000000000000009211111111111111111111124900957321111111111111111111111111111232111111111111111232111111111111111111111111127588672111111111111111111111129000000000000000000000000000000000000000000000000000000000000000000000000041111111111111111111111134211111111111112500000000000000000000000000
0000000000000000000000000000000000000000000071111111111111111111111111140000000000000000000000000000000000000000000000000000000000000000000000511111111111111111111111134680086543211111111111111111111111356672111111111246963111111111111111111111237588672111111111111111111111111170000000000000000000000000000000000000000000000000000000000000000000000000621111111111111111111111111111111111111111150000000000000000000000000
0000000000000000000000000000000000000000000041111111111111111111111111150000000000000000000000000000000000000000000000000000000000000000000000831111111111111111111111111124680000853111111111111111111111112489711111117809711111111111111111111135908672111111111111111111111111111160000000000000000000000000000000000000000000000000000000000000000000000094211111111111111111111111111111111111111111138000000000000000000000000
0000000000000000000000000000000000000000000071111111111111111111111111160000000000000000000000000000000000000000000000000000000000000000000000051111111111111111111111111111127459000943111111111111111111111125897111260842111111111111111111134989572111111111111111111111111111111380000000000000000000000000000000000000000000000000000000000000000000006311111111111111111111111111111111111111111111116000000000000000000000000
0000000000000000000000000889999966665554600511111111111111111111111111290000000000000000000000000000000000000000000000000000000000000000000000083111111111111111111111111111111111345908672111111111111111111111390523906311111111111111111117686421111111111111111111111111111111111400000000000000000000000000000000000000000000000000000000000000000000092111111111111111111111111111111111111111111111115000000000000000000000000
0000000000000000000000943211111111111275953111111111111111111111111111380000000000000000000000000000000000000000000000000000000000000000000000006111111111111111111111111111111111111134989421111111111111111111126098062111111111111111111798631111111111111111111111111111111111111600000000000000000000000000000000000000000000000000000000000000000000083111111111111111111111111111111111111111111111116000000000000000000000000
0000000000000000000097111111111111237773211111111111111111111111111111400000000000000000000000000000000000000000000000000000000000000000000000008711111111111111111111111111111111111111134984211111111111111111112500621111111111111111136093111111111111111111111111111111111111112900000000000000000000000000000000000000000000000000000000000000000000007111111111111111111111111111111111111111111111170000000000000000000000000
0000000000000000000621111111111111111111111111111111111111111111111111500000000000000000000000000000000000000000000000000000000000000000000000000511111111111111111111111111111111111111111276942111111111111111111268311111111111111111780521111111111111111111111112377473211111113800000000000000000000000000000000000000000000000000000000000000000000092111111111111111111111111111111111111111111111390000000000000000000000000
0000000000000000006211111111111111111111111111111111111111111111111112900000000000000000000000000000000000000000000000000000000000000000000000000831111111111111111111111111111111111111111111799311111111111111111134111111111111111114084111111111111111111111274698965544421111117000000000000000000000000000000000000000000000000000000000000000000000621111111111111111111111111111111111111111111113900000000000000000000000000
0000000000000000083111111111111111111111111111111111111111111111111112900000000000000000000000000000000000000000000000000000000000000000000000000041111111111111111111111111111111111111111111125852111111111111111111111111111111111150841111111111111111111246808643111111111111117000000000000000000000000000000000000000000000000000000000000000000084111111111111111111111111111111111111111111111248000000000000000000000000000
0000000000000000092111111111111111111111111111111111111111111111111112900000000000000000000000000000000000000000000000000000000000000000000000000061111111111233773321111111111111111111111111111799311111111111111111111111111111111700411111111111111111176800894777732111111111117000000000000000000000000000000000000000000000000000000000000000000631111111111111111111111111111111111111111111127900000000000000000000000000000
0000000000000000083111111111111111111111111111111111111111111111111111600000000000000000000000000000000000000000000000000000000000000000000000000092111112759889669999654321111111111111111111111139871111111111111111111111111111113906211111111111111127900000000000008953111111113800000000000000000000000000000000000000000000000000000000000000097111111111111111111111111111111111111111111113490000000000000000000000000000000
0000000000000000005111111111111111111111111111111111111111111111111111390000000000000000000000000000000000000000000000000000000000000000000000000092111359867321112375680086431111111111111111111112606311111111111111111111111111115083111111111111111390000000000000000000942111111600000000000000000000000000000000000000000000000000000000000009421111111111111111111111111111112333333333745690000000000000000000000000000000000
0000000000000000008411111111111111111111111111111111111111111111111111124900000000000000000000000000000000000000000000000000000000000000000000000092111457211112468000000000009572111111111111111111260931111111111111111111111111138041111111111111125800000000000000000000006211111380000000000000000000000000000000000000000000000000000000000972111111111111111111111111111127590000000000000000000000000000000000000000000000000
0000000000000000000052111111111111111111111111111111111111111111111111111276000000000000000000000000000000000000000000000000000000000000000000000051111111111179000000000000000008531111111111111111127987111111111111111111111111260621111111111112480000000008955568000000080621111178000000000000000000000000000000000000000000000000000000084211111111111111111111111111127580000000000000000000000000000000000000000000000000000
0000000000000000000009421111111111111111111111111111111111111111111111111111358000000000000000000000000000000000000000000000000000000000000000000921111111111780000000899800000000086311111111111111111268421111111111111111111136885211111111111126000000000942111117800000065051111112590000000000000000000000000000000000000000000000000008521111111111111111111111111113590000000000000000000000000000000000000000000000000000000
0000000000000000000000086473333333222111111111111111111111111111111111111111112490000000000000000000000000000000000000000000000000000000000000006211111111112900000005211234900000000863111111111111111124897211111111111111111112221111111111111390000000005211111111600000097892111111113456800000000000000000000000000000000000000000000863111111111111111111111111113590000000000000000000000000000000000000000000000000000000000
0000000000000000000000000000000000888966547311111111111111111111111111111111111113490000000000000000899999800000000000000000000000000000000000971111111111114000000062111111179000000008421111111111111111358865711111111111111111111111111111117800000000051111111112900000093607111111111111248000000000000000000000000000000000000000006311111111111111111111111112490000000000000000000000000000000000000000000000000000000000000
0000000000000000000000000000000000000000000096431111111111111111111111111111111111117900000000009573211111234680000000000000000000000000000084211111111111115000000061111111113900000000062111111111111111113444711111111111111111111111111111138000000000831111111114000000092607111111111111116000000000000000000000000000000000000000971111111111111111111111111248000000000000000000000000000000000000000000000000000000000000000
0000000000000000000000000000000000000000000000009643211111111111111111111111111111111176800009532111111111111134900000000000000000000000009421111111111111116000000083111111111290000086809311111111111111111111111111111111111111111111111111390000000000921111111248000000092983111111111111115000000000000000000000000000000000000085211111111111111111111111135800000000000000000000000000000000000000000000000000000000000000000
0000000000000000000000000000000000000000000000000000864311111111111111111111111111111111249084211111111111111111279000000000000000000009431111111111111111116000000009311111111140000009490871111111111111111111111111111111111111111111111113900000000000871111127900000973477062111111111111115000000000000000089547744569800000008521111111111111111111111117680000000000000000000000000000000000000000000000000000000000000000000
0000000000000000000000000000000000000000000000000000000095431111111111111111111111111111111358853111111111111111112580000000000000000004111111111111111111114000000000842111111140000000678083111111111111111111111111111111111111111111111138000000000000086545680000008311129871111111111111129000000000000008421111111111275800852111111111111111111111112490000000000000000000000000000000000000000000000000000000000000000000000
0000000000000000000000000000000000000000000000000000000000009572111111111111111111111111111112468672111111111111111178000000000000000005111111111111111111112900000000008573237680000000074009311111111111111111111111111111111111111111111780000000000000000000000000000711360411111111111111140000000000000062111111111111112585311111111111111111111111358000000000000000000000000000000000000000000000000000000000000000000000000
0000000000000000000000000000000000000000000000000000000000000008643111111111111111111111111111113599531111111111111117800000000000000008711111111111111111111780000000000000000000000000062900931111111111111111111111111111111111111111117800000000000000000000000000000935884111247111111111380000000000000511111111111111249531111111111111111111111176800000000000000000000000000000000000000000000000000000000000000000000000000
0000000000000000000000000000000000000000000000000000000000000000000957211111111111111111111111111127686737447211111111400000000000000000931111111111111111111178000000000000000000000088092600087111111111111111111111111111111111111111258089000000000000000000000000006498531127993111111113900000000000005111111111111135953111111111111111111111124900000000000000000000000000000000000000000000000000000000000000000000000000000
0000000000000000000000000000000000000000000000000000000000000000000000864311111111111111111111111111124900000921111111290000000000000000093111111111111113571113600000000000000000084322463904608521111111111111111111111111247321111234908635000000000000000000000000099853113490621111111139000000000000083111111111259994311111111111111111111113580000000000000000000000000000000000000000000000000000000000000000000000000000000
0000000000000000000000000000000000000000000000000000000000000000000000000095721111111111111111111111111134600831111111150000000000000000009311111111111111486711176000000000000000092111124062149094211111111127711111111111134566999808943117800000000000000000000000894337568067111111111390000000000000061111111111509711111111111111111111112490000000000000000000000000000000000000000000000000000000000000000000000000000000000
0000000000000000000000000000000000000000000000000000000000000000000000000000086421111111111111111111111111139921111111150000000000000000000871111111111111178094311359000000000000005311178931112768865477745688411111111111111112377732111111790000000000000000000000869800894311111111117800000000000000061111111113841111111111111111111111248000000000000000000000000000000000000000000000000000000000000000000000000000000000000
0000000000000000000000000000000000000000000000000000000000000000000000000000000089572111111111111111111111129611111111150000000000000000000005211111111111112580096544590000000000000896985211111112745566655472111111111111111111111111111111127680000000000000000000009643211111111111248000000000000000092111111117071111111111111111111135800000000000000000000000000000000000000000000000000000000000000000000000000000000000000
0000000000000000000000000000000000000000000000000000000000000000000000000000000000008643111111111111111111129611111111150000000000000000000000842111111111111124980000000000000000000008531111111111111111111111111111111111111111111111111111111123456988000008899654731111111111111113600000000000000000083111111117071111111111111111117680000000000000000000000000000000000000000000000000000000000000000000000000000000000000000
0000000000000000000000000000000000000000000000000000000000000000000000000000000000000000957211111111111111138511111111290000000000000000000000008572111111111111127569880000000000896572111111111111111111111111111111111111111111111111111111111111111112233332211111111111111111111178000000000000000000004111111117041111111111111112760089000000000000000000000000000000000000000000000000000000000000000000000000000000000000000
0000000000000000000000000000000000000000000000000000000000000000000000000000000000853500880857211111111111138411111111780000000000000000000000000009531111111111111111123337777333211111111111111111111111111111111111111111111111111111111111111111111111111111111111111111111111112600000000000000000000009211111117041111111111111249000622900000000000000000000000000000000000000000000000000000000000000000000000000000000000000
0000000000000000000000000000000000000000000000000000000000000000000000000000000000921384126000864311111111170411111111509800000000000000000000000000009431111111111111111111111111111111111111111111111111111111111111111111111111111111111111111111111111111111111111111111111111248000000000000000000000000411111113841111111111124900968855800000000000000000000000000000000000000000000000000000000000000000000000000000000000000
0000000000000000000000000000000000000000000000000000000000000000000000000000000000871483114057680867211111170711111112983249000000000000000000000000000006311111111111111111111111111111111111111111111111111111111111111111111111111111111111111111111111111111111111111111111112600000000000000000000000958611111113851111111112488908314006490000000000000000000000000000000000000000000000000000000000000000000000000000000000000
0000000000000000000000000000000000000000000000000000000000000000000000000000000000089805379051134900867211170711111117851112760000000000000000000000000000871111111111111111111111111111111111111111111111111111111111111111111111111111111111111111111111111111111111111111111139000000000000000000000097216831111113951111111279852789211583138000000000000000000000000000000000000000000000000000000000000000000000000000000000000
0000000000000000000000000000000000000000000000000000000000000000000000000000000000944806459051111136000865740711111115871111113598000000000000000000000000004111111111111111111111111111111111111111111111111111111111111111111111111111111111111111111111111111111111111111111160000000000000000000006711117051111112961111124984211168711783115000000000000000000000000000000000000000000000000000000000000000000000000000000000000
0000000000000000000000000000000000000000000000000000000000000000000000000000000000411762112661111113800000000711111129921111111113490000000000000000000000008311111111111111111111111111111111111111111111111111111111111111111111111111111111111111111111111111111111111111111290000000000000000009531111112961111113861113488421111170971786315000000000000000000000000000000000000000000000000000000000000000000000000000000000000
0000000000000000000000000000000000000000000000000000000000000000000000000000000000511393111792111113800000000711111138511111111111127680000000000000000000000711111111111111111111111111111111111111111111111111111111111111111111111111111111111111111111111111111111111112531140000000000000000972111111111683111113862760842111111129009800890000000000000000000000000000000000000000000000000000000000000000000000000000000000000
0000000000000000000000000000000000000000000000000000000000000000000000000000000000857609733507111112900008548711111170411111111111111124900000000000000000008311111111111111111111111111441111111111111111111111111111111111111111111111111111111111111111111111111111111117071126000000000000067111111111111683111117089000831111111115009560009590000000000000000000000000000000000000000000000000000000000000000000000000000000000
0000000000000000000000000000000000000000000000000000000000000000000000000000000000008800095905111111600006229411111140411111111111111111135800000000000000006211111211111111111111111111692111111111111111111111111111111111111111111111111111111121111111111111111111111114051112500000000086311111111111111683111115000000051111111114062115062170000000000000000000000000000000000000000000000000000000000000000000000000000000000
0000000000000000000000000000000000000000000000000000000000000000000000000000000000093390621269211111500009316611111140511111111111111111111246000000000000004111111311111111111111111112992111111111111111111111111111111111111111111111111111111269711111111111111111111113993111179000008531111111111111112992111129000000083111111117041117041138000000000000000000000000000000000000000000000000000000000000000000000000000000000
0000000000000000000000000000000000000000000000000000000000000000000000000000000000041170411138411111700000969831111170094311111111111111111111359000000000092111112411111111111111111113851111111111111111111111111111111111111111111111111111111178862111111111111111111111395111112790842111111111111111113851111140000000004111111117041114051138000000000000000000000000000000000000000000000000000000000000000000000000000000000
0000000000000000000000000000000000000000000000000000000000000000000000000000000000051138511129921111290000009951111138000064211111111111111111112768000000071111117511111111111111111117041111111111111111111111111111111111111111111111111111111115006111111111111111111111178411113594211111111111111111115071111390000000005111111113893129092150000000000000000000000000000000000000000000000000000000000000000000000000000000000
0000000000000000000000000000000000000000000000000000000000000000000000000000000000085760853350051111150000083384111115000000867211111111111111111113490000511111115711111111111111111115831111111111111111111111111111111111111111111111111111111112900711111111111111111111114842769721111111111111111111138921112600000000006111111117008980008900000000000000000000000000000000000000000000000000000000000000000000000000000000000
0000000000000000000000000000000000000000000000000000000000000000000000000000000000000000000099887111138000009379521113900000000864211111111111111111117598521111179211111111111111111129611111111111111111111111111111122111111111111111111111111111780921111111111111111111111509672111111111111111111111260511126000000000006111111117008558000000000000000000000000000000000000000000000000000000000000000000000000000000000000000
0000000000000000000000000000000000000000000000000000000000000000000000000000000000000677900521256211115000000959063111780000000000853111111111111111111113596721294111111111111111111138511111111111111111111111111111789311111111111111111111111111148041111111111111111111111269211111111111111111111135808311260000000000006111111114062129097500000000000000000000000000000000000000000000000000000000000000000000000000000000000
0000000000000000000000000000000000000000000000000000000000000000000000000000000000008311290711117521113800000000008421148000000000000942111111111111111111127695692111111111111111111140711111111111111111111111111111500511111111111111111111111111115092111111111111111111111139511111111111111111127600005117900000000000005111111115921129921380000000000000000000000000000000000000000000000000000000000000000000000000000000000
0000000000000000000000000000000000000000000000000000000000000000000000000000000000009211140411111562111400000000000097215000000000000008531111111111111111111139871111111111111111111169211111111111111111111111111112900921111111111111111111111111113807111111111111111111111114841111111111111127590000004360000000000000007111111129511138411380000000000000000000000000000000000000000000000000000000000000000000000000000000000
0000000000000000000000000000000000000000000000000000000000000000000000000000000000008311138931111705111260000000000000956000000000000000006311111111111111111140511111111111111111111296111111111111111111111111111112900071111111111111111111111111111505111111111111111111111112687111111111112790000000008000000000000000092111111138411140711700000000000000000000000000000000000000000000000000000000000000000000000000000000000
0000000000000000000000000000000000000000000000000000000000000000000000000000000000000511170062111700511136000000000000000000000000000000000867111111111111111389311111111111111111111704111111111111111111111111111112900041111111111111111111111111111789211111111111111111111111789311111111249000000000000000000000000000051111111140511390711500000000000008854459064590000000000000000000000000000000000000000000000000000000000
0000000000000000000000000000000000000000000000000000000000000000000000000000000000000057760008544598052112400000000000000000000000000000000000942111111111112987111111111111111111111407111111111111111111111111111113800041111111111111111111111111111160411111111111111111111111150621111135800000000000000000000000000000931111111290866800975800000000086434521127895598847490000000000000000000000000000000000000000000000000000
0000000000000000000000000000000000000000000000000000000000000000000000000000000000000000000000083112496311148000000000000000000000000000000000008521111111126041111111111111111111111692111111111111111111111111111113800051111111111111111111111111111170611111111111111111111111129051124900000000000000000000000000000008711111111486325000000000000009421111374590051112694324800000000000000000000000000000000000000000000000000
0000000000000000000000000000000000000000000000000000000000000000000000000000000000000000005349092111124971117900000000000000000000000000000000008985311111140511111111111111111111113861111111111111111111111111111113900051111111111111111111111111111129831111111111111111111111114005580643500000000000000000000000000093111111112941113885378000000052111111111123454733596988088000000000000000000000000000000000000000000000000
0000000000000000000000000000000000000000000000000000000000000000000000000000000000000000092111794111111506711260000000000000000000000000000000087176867111789211111111111111111111117041111111111111111111111111111113900061111111111111111111111111111115071111111111111111111111112600853111148000000000000000000000000621111111115621117841129000000511111112744732112490921248042480000000000000000000000000000000000000000000000
0000000000000000000000000000000000000000000000000000000000000000000000000000000000000000083111178521111400852117900000000000000000000000000000841111400647987111111111111111111111115071111111111111111111111111111112900061111111111111111111111111111117051111111111111111111111111400051111113900000000000000000000005211111111178411115921138000009211111139000008531117531117851178000000000000000000000000000000000000000000000
0000000000000000000000000000000000000000000000000000000000000000866680869000000000000000006211129086556800009711276000000000000000000000000008711112963580041111111111111111111111116921111111111111111111111111111112900061111111111111111111111111111112961111111111111111111111111388804111111248000000000000000000971111111111390411178511140000009211111260000000006311244737985339000000000000000000000000000000000000000000000
0000000000000000000000000000000000000000000000000000000000000084211126711594560000000000000943348000008723346867111358000000000000000000000093111126521139921111111111111111111111129611111111111111111111111111111111600061111111111111111111111111111111692111111111111111111111111166398711111112768000000000000094211111111112900866900633480000008311111290000000000842114006336000980000000000000000000000000000000000000000000
0000000000000000000000000000000000000000000000000000000086545994337468645841114800000000000000000000005111111246631112759000000000000000008421111265211258711111111111111111111111170511111111111111111111111111111111600061111111111111111111111111111111583111111111111111111111111149229831111111113468000000086721111111111126857240000000000000000621111260000000000005111507112605139000000000000000000000000000000000000000000
0000000000000000000000000000000000000000000000000000008421111780000522237695334955900000000000000969808311111111796311111375698000000008642111112652111406111111111111111111111111140411111111111111111111111111111111500061111111111111111111111111111111583111111111111111111111111178312693111111111112744447321111111111111254211170854800000000000062111139000000000008711395111387113800000000000000000000000000000000000000000
0000000000000000000000000000000000000000000000000000005111275864737664477495486211380000000000009211349842111111170867111111112377444472111111115621112687111111111111111111111111150711111111111111111111111111111111500061111111111111111111111111111111483111111111111111111111111170711296211111111111111111111111111111117631111268711600000000000008572112759000000000511158522486211600000000000000000000000000000000000000000
0000000000000000000000000000000000000000000000000000088669809311346008657584179547400000000000009211112488672111138000672111111111111111111111146211117852111111111111111111111111168311111111111111111111111111111111400051111111111111111111111111111111407111111111111111111111111138411139511111111111111111111111111111360411113687112900000000000000008966669800000000921170095800645800000000000000000000000000000000000000000
0000000000000000000000000000000000000000000000000094323800089569000000006348558621160000000000000411111179009547769698009421111111111111111111793111115931111111111111111111111111299211111111111111111111111111111111400051111111111111111111111111111111407111111111111111111111111129411113841111111111111111111111111359000973358051114000000000000000000000000000000000921178621290089000000000000000000000000000000000000000000
0000000000000000000000000000000000000000000000000411112984321150000000000738646943760000000000000063111114800000092112346886711111111111111112941111116511111111111111111111111111386111111111111111111111111111111111700051111111111111111111111111111111483111111111111111111111111129511111787111111111111111111112345547323500000051178000000000000000000000000000000000921139311140931780000000000000000000000000000000000000000
0000000000000000000000000000000000000000000000008311114831111159600000006279215855800000000000000008421114000000051111111360097111111111111115621111138411111111111111111111111111705111111111111111111111111111111111380051111111111111111111111111111111483111111111111111111111111129511111169211111111111111111356531111111380000085680000000000000000000000000000000000921179211170711160000000000000000000000000000000000000000
0000000000000000000000000000000000000000000000008422758611111797500000083178698311600000000000000000095458000000092111111114800957211111111178711111178711111111111111111111111111705111111111111111111111111111111111380051111111111111111111111111111111583111111111111111111111111116931111138511111111111123459093111111112500000000000000000000000000000000000000000000511148711148311160000000000000000000000000000000000000000
0000000000000000000000000000000000000000000000000088000843335851500000041125808575800000000000000000000000009569009711111111500000953111111295111111178311111111111111111111111111404111111111111111111111111111111111290041111111111111111111111111111111592111111111111111111111111116084111114871111112374569880041111111249086444900000000000000000000000000000000000009311160943790411290000000000000000000000000000000000000000
0000000000000000000000000000000000000000000000000673480094776041700000921111276000000000000000000000000000093111346894321112686669980943111583111111148311111111111111111111111111404111111111111111111111111111111111160041111111111111111111111111111111661111111111111111111111111115000411112697745665432111127465777459885721111400000000000000000000000000000000000087111380896800854600000000000000000000000000000000000000000
0000000000000000000000000000000000000000000000005111150921112651260000857775680000000000000000000000000000093111111390089698621111127498945051111111149311111111111111111111111111504111111111111111111111111111111111160041111111111111111111111111111112961111111111111111111111111114088041111700000631111111111260000000621111114800000000000000000000000000000000000931111506311400000000000000000000000000000000000000000000000
0000000000000000000000000000000000000000000000006111150611111792138000000000000000000000000000000000000000009311111138000000921111111113680831111111148311111111111111111111111111504111111111111111111111111111111111150041111111111111111111111111111113851111111111111111111111111114062687111160004111111111127900000005211112790000000000000000000000000000000000006211113951111700890000000000000000000000000000000000000000000
0000000000000000000000000000000000000000000000008421390841111704117800000000000000000000000000000000000000000064321278000000062111111111140611111111148311111111111111111111111111504111111111111111111111111111111111140041111111111111111111111111111117041111111111111111111111111114061159211170087111111127590000000008544468000000000000000000000000000000000000852111115831111584215000000000000000000000000000000000000000000
0000000000000000000000000000000000000000000000000089800086445908711390000000000000000000000000000000000000000000089545808998009431111111170411111111140711111111111111111111111111504111111111111111111111111111111111170041111111111111111111111111111115071111111111111111111111111114061139411129008544456980957332337500880000000000000000000000000000000000000009711111178921112971114000000000000000000000000000000000000000000
0000000000000000000000000000000000000000000000000006774600097235971124800000000000000000000000000000000000000000863112952112746809543221148311111111140711111111111111111111111111504111111111111111111111111111111111138071111111111111111111111111111116931111111111111111111111111115051178921114000000000097211111112594223680000000000000000000000000000000000842111111290842279921115000000000000000000000000000000000000000000
0000000000000000000000000000000000000000000000000005111139092111794111249000000000000000000000000000000000000085311111551111111275800089906111111112760411111111111111111111111111405111111111111111111111111111111111138071111111111111111111111111111129611111111111111111111111111116089900041113809669800831111112755421111135800000000000000000000000000000094211111112600888800611138000000000000000000000000000000000000000000
0000000000000000000000000000000000000000000000000000521112605111140521111349800000000000000000000000000000086721111111175721111111780000005111111126000511111111111111111111111111406111111111111111111111111111111111129071111111111111111111111111111170511111111111111111111111111129064580092111583111250854444445431111111111276800000000000000000000000086721111111135673239000843790000000000000000000000000000000000000000000
0000000000000000000000000000000000000000000000000000094337900631260094211111275688000000000000000000000964721111111111112755473223489669004111111290898621111111111111111111111111709211111111111111111111111111111111116071111111111111111111111111111150411111111111111111111111111138041139007111787112766323333211111111111111111275980000000000000000095721111111112553111126095580000000000000000000000000000000000000000000000
0000000000000000000000000000000000000000000000000000000000000089867758972111111112374566998800888965473111111111111111111112374444731111504111111505215871111111111111111111111111388311111111111111111111111111111111115071111111111111111111111111111168311111111111111111111111111140051113805111266568005211111111111111111111111111127456699899996547211111111111249411111159711150000000000000000000000000000000000000000000000
0000000000000000000000000000000000000000000000000000000064745800071112489421111111111111112222221111111111111111111111111111111111111111504111117862115051111111111111111111111111290411111111111111111111111111111111115071111111111111111111111111111389211111111111111111111111111160051111606111150009669671111111111111111111111111111111111111111111111111111124908311112687111390000000000000000000000000000000000000000000000
0000000000000000000000000000000000000000000000000000000062111248062111178085721111111111111111111111111111111111111111111111111111111111504111116051117083111111111111111111111111160611111111111111111111111111111111114071111111111111111111111111111405111111111111111111111111111380087112609211140841111245311111111111111111111111111111111111111111111111113598998533758061112600000000000000000000000000000000000000000000000
0000000000000000000000000000000000000000000000000000000006721117966431129000095721111111111111111111111111111111111111111111111111111113904111138083113804111111111111111111111111140831111111111111111111111111111111114071111111111111111111111111111607111111111111111111111111111400099968009211140921111117953111111111111111111111111111111111111111111113468572114000000061136000000000000000000000000000000000000000000000000
0000000000000000000000000000000000000000000000000000000000094211117986590673759095721111111111111111111111111111111111111111111111112768004111140008549006111111111111111111111111170041111111111111111111111111111111114071111111111111111111111111112983111111111111111111111111111600413800009211170041111111408421111111111111111111111111111111111111112768093111139008656809680000000000000000000000000000000000000000000000000
0000000000000000000000000000000000000000000000000000000000000866690063340411112760086432111111111111111111111111111111111111111123445547904111160006568008311111111111111111111111129061111111111111111111111111111111117071111111111111111111111111117062111111111111111111111111113806111609589211170994211111380085311111111111111111111111111111111123469800871112488572112900000000000000000000000000000000000000000000000000000
0000000000000000000000000000000000000000000000000000000000000000000871114952111117800008654321111111111111111111111111111112745444321112904111290971113900411111111111111111111111115083111111111111111111111111111111117071111111111111111111111111115051111111111111111111111111115087111651176211170424657337566980094311111111111111111111111112375695732224867758093111179000000000000000000000000000000000000000000000000000000
0000000000000000000000000000000000000000000000000000000000000000000841111246573212606732374569654473221111111111112237745698943111111275805111708311111400921111111111111111111111113805111111111111111111111111111111117071111111111111111111111111129071111111111111111111111111138085312631175111170411134568711123580096573211111111111223745698000621111117800000097374900000000000000000000000000000000000000000000000000000000
0000000000000000000000000000000000000000000000000000000000000000000006711112754456806311111112500000088999996699998889966989211123744574806111406111111700041111111111111111111111111609211111111111111111111111111111117071111111111111111111111111140921111111111111111111111111159468854871267111140711111114621111125000000896665566699808654777768411112758957737900000000000000000000000000000000000000000000000000000000000000
0000000000000000000000000000000000000000000000000000000000000000000000095731135469809447332111290095444444568000957321111260965444731114009211509211111500092111111111111111111111111700411111111111111111111111111111117071111111111111111111111111390611111111111111111111111111784112490086962111140521112332757211111600857333377468000972111111129096698097111117900000000000000000000000000000000000000000000000000000000000000
0000000000000000000000000000000000000000000000000000000000000000000000000008990000004111233333745971111111113805212237777450008952111135008311500511113800005111111111111111111111111260921111111111111111111111111111117071111111111111111111111111400411111111111111111111111112662111113580063111150086558008677477775809311111111113809211111112360000000871123460000000000000000000000000000000000000000000000000000000000000000
0000000000000000000000000000000000000000000000000000000000000000000000000000000000006311111111111373333777777444444473211126000009555980000711500094458000008711111111111111111111111170041111111111111111111111111111114041111111111111111111111111600711111111111111111111111114931111111124608672160000000000083111112488532111111114986212237468000865444908980000000000000000000000000000000000000000000000000000000000000000000
0000000000000000000000000000000000000000000000000000000000000000000000000000000000000064722112468889652111111111769952111125000000000000000511500008669000650921111111111111111111111126092111111111111111111111111111114041111111111111111111111113808311111111111111111111111138411111111111135808680000000000062111111179009664444444234555557360853211375800000000000000000000000000000000000000000000000000000000000000000000000
0000000000000000000000000000000000000000000000000000000000000000000000000000000000000000008998000000005322111123900006445980000000000000000921400842112609215051111111111111111111111117804111111111111111111111111111114041111111111111111111111114009211111111111111111111111266211111111111111276800000000000086733334695432785222345571111113680844569000000000000000000000000000000000000000000000000000000000000000000000000000
0000000000000000000000000000000000000000000000000000000000000000000000000000000000000000000000000000000088899988000000000000000000000000000071700511111789212604111111111111111111111111509211111111111111111111111111115041111111111111111111111116006211111111111111111111111493111111111111111111276800000000000000085311113905774800062111136000000000000000000000000000000000000000000000000000000000000000000000000000000000000
0000000000000000000000000000000000000000000000000000000000000000000000000000000000000000000000000000000000000000000000000000000000000000000051290711111380973488711111111111111111111111390411111111111111111111111111116051111111111111111111111138006111111111111111111111117841111111111111111111111249000000000008531111139000000000008966900000000000000000000000000000000000000000000000000000000000000000000000000000000000000
0000000000000000000000000000000000000000000000000000000000000000000000000000000000000000000000000000000000000000000000000000000000000000000083150511111400000088831111111111111111111111140921111111111111111111111111116051111111111111111111111140005111111111111111111111129064211111111111111111111111358000000093111111780000000000000000000000000000000000000000000000000000000000000000000000000000000000000000000000000000000
0000000000000000000000000000000000000000000000000000000000000000000000000000000000000000000000000000000000000000000000000000000000000000000004129871113900008633993111111111111111111111126051111111111111111111111111129061111111111111111111111290005111111111111111111111250000853111111111111111111111112760000521111125800000000000000000000000000000000000000000000000000000000000000000000000000000000000000000000000000000000
0000000000000000000000000000000000000000000000000000000000000000000000000000000000000000000000000000000000000000096666669880000000000000000008313886568000863111399311111111111111111111113883111111111111111111111111138092111111111111111111111700005111111111111111111112600008746942111111111111111111111113904111111290000000000000000000000000000000000000000000000000000000000000000000000000000000000000000000000000000000000
0000000000000000000000000000000000000000000000000000000000000000000000000000000000000000000000000000000000000000052111111123469000000000000000511780000009711111139921111111111111111111111505111111111111111111111111170092111111111111111111111400005111111111111111111115000000711769521111111111111111111113851111112600000000000000000000000000000000000000000000000000000000000000000000000000000000000000000000000000000000000
0000000000000000000000000000000000000000000000000000000000000000000000000000000000000000000000000000000000000000008672111111112346800000000000831136008672111111113962111111111111111111111398311111111111111111111111140083111111111111111111111600005111111111111111111178000000411113565311111111111111111115921111114000000000000000000000000000000000000000000000000000000000000000000000000000000000000000000000000000000000000
0000000000000000000000000000000000000000000000000000000000000000000000000000000000000000000000000000000000000000000008953111111111249000000000092125853111111111111399311111111111111111111140511111111111111111111111150007111111111111111111113800005111111111111111111390000000621111114094211111111111111179711111138800000000000000000000000000000000000000000000000000000000000000000000000000000000000000000000000000000000000
0000000000000000000000000000000000000000000000000000000000000000000000000000000000000000000000000000000000000000000000000631111111112490000000006595311111111111111139871111111111111111111126831111111111111111111111290004111111111111111111117000006111111111111111112600000000871111113886957111111111111295111111148334680000000000000000000000000000000000000000000000000000000000000000000000000000000000000000000000000000000
0000000000000000000000000000000000000000000000000000000000000000000000000000000000000000000000000000000000000000000000000085211111111126000000008531111111111111111113984111111111111111111117851111111111111111111111380006111111111111111111115000006111111111111111114000000000051111111604246942111111111462111111266211127580000000000000000000000000000000000000000000000000000000000000000000000000000000000000000000000000000
0000000000000000000000000000000000000000000000000000000000000000000000000000000000000000000000000000000000000000000000000000621111111111500000852111111111111111111136000521111111111111111111583111111111111111111111400009211111111111111111116000009211111111111111138000000000083111111388311359642111117931111111385111111127590000000000000000000000000000000000000000000000000000000000000000000000000000000000000000000000000
0000000000000000000000000000000000000000000000000000000000000000000000000000000000000000000000000000000000000000000000000000062111111111178084211111111111111111113696000062111111111111111111385111111111111111111111500000711111111111111111129000008311111111111111160000000000006111111178931114088672179311111111407111111111113468000000000000000000000000000000000000000000000000000000000000000000000000000000000000000000000
0000000000000000000000000000000000000000000000000000000000000000000000000000000000000000000000000000000000000000000000000000004111111111117841111111111111111111368833800006211111111111111111169211111111111111111112900000411111111111111111138000000711111111111111700000000000000411111117994225063498993111111111662111111111111112759000000000000000000000000000000000000000000000000000000000000000000000000000000000000000000
0000000000000000000000000000000000000000000000000000000000000000000000000000000000000000000000000000000000000000000000000000008311111111111493111111111111111136945612900000521111111111111111140411111111111111111117000000621111111111111111170000000411111111111111600000000000000831111111249880008988521111111113841111111111111111111345980000000000000000000000000000000000000000000000000000000000000000000000000000000000000
0000000000000000000000000000000000000000000000000000000000000000000000000000000000000000000000000000000000000000000000000000000511111111111149711111111111113688739412900000041111111111111111138611111111111111111115000000871111111111111111140000000611111111111113800000000000000093111111111345666572111111111115921111111111111111111111123745556665554447733333374680000000000000000000000000000000000000000000000000000000000
0000000000000000000000000000000000000000000000000000000000000000000000000000000000000000000000000000000000000000000000000000000841111111111117952111111111368470885213900000087111111111111111129831111111111111111129000000051111111111111111140000000831111111111117000000000000000009311111111111111111111111111138411111111111111111111111111111111111111111111111111127600000000000000000000000000000000000000000000000000000000
0000000000000000000000000000000000000000000000000000000000000000000000000000000000000000000000000000000000000000000000000000000004111111111111259572111276893140842113800000009311111111111111129041111111111111111170000000093111111111111111140000000041111111111115000000000000000000871111111111111111111111111269211111111111111111111111111111111111111111111111111111178000000000000000000000000000000000000000000000000000000
0000000000000000000000000000000000000000000000000000000000000000000000000000000000000000000000000000000000000000000000000000009468411111111111112756666900096665311117000000000921111111111111129051111111111111111150000000006211111111111111140000000061111111111115000000000000000000006311111111111111111111112609721111111111111111111111111111111111111111111111111111113900000000000000000000000000000000000000000000000000000
0000000000000000000000000000000000000000000000000000000000000000000000000000000000000000000000000000000000000000000000000000671114852111111111111111237744473211111115000000000041111111111111138092111111111111111290000000000411111111111111140000000083111111111115000000000000000000000853111111111111111111179000086721111111111111111111111111111111111111111111111111111380000000000000000000000000000000000000000000000000000
0000000000000000000000000000000000000000000000000000000000000000000000000000000000000000000000000000000000000000000000000853111111796311111111111111111111111111111129000000000092111111111111140083111111111111111400000000000921111111111111140000000005111111111115000000000000000094337588643111111111111127600000000095721111111111111111111111111111111111111111111111111140000000000000000000000000000000000000000000000000000
0000000000000000000000000000000000000000000000000000000000000000000000000000000000000000000965556980000000000000000000085311111111139871111111111111111111111111111140000000000007111111111111160083111111111111111600000000000041111111111111140000000008311111111114000000000000000008411139000954773333374680000000000000097111111111111111111111111111111111111111111111111129000000000000000000000000000000000000000000000000000
0000000000000000000000000000000000000000000000000000000000000000000000000000000000000000067211111123745669988000000009531111111111112496711111111111111111111111111290000000000004111111111111380007111111111111113800000000000092111111111111170000000000511111111117000000000000000000921117800000000000000000000000000000000671111111111111111111111111111111111111111111111114000000000000000000000000000000000000000000000000000
0000000000000000000000000000000000000000000000000000000000000000000000000000000000000008711111111111111111122333777331111111111111111124964211111111111111111111112600000000000005111111111111500007111111111111115000000000000005111111111111138000000000831111111112900000000000000000071111500000000000000000000000000000000006711111111111111111111111111111111111111111111113800000000000000000000000000000000000000000000000000
0000000000000000000000000000000000000000000000000000000000000000000000000000000000000093111111111111111111111111111111111111111111111111246864311111111111111111179000000000000006111111111113800007111111111111138000000000000008711111111111116000000000062111111111400000000000000000831111700000000000000000000000000000000000052111111111111111111111111111111111111111111112900000000000000000000000000000000000000000000000000
0000000000000000000000000000000000000000000000000000000000000000000000000000000000000621111111111111111111111111111111111111111111111111113900096473211111111134600000000000000006111111111115000083111111111111160000000000000000831111111111114000000000005111111111290000000000000000921111290000000000000000000000000000000000008711111111111111111111111111111111111111111111600000000000000000000000000000000000000000000000000
0000000000000000000000000000000000000000000000000000000000000000000000000000000000006211111111111111111111111111111111111111111111111111248000000000889966655900000000000000000005111111111178000083111111111111400000000000000000092111111111113800000000000411111111139000000000000000411111290000000000000000000000000000000000000841111111111111111111111111111111111111111111500000000000000000000000000000000000000000000000000
0000000000000000000000000000000000000000000000000000000000000000000000000000000000092111111111111111111111111111111111111111111111111117900000000000000009723900000000000000000007111111111390000061111111111113900000000000000000006211111111111600000000000041111111113900000000000005211132290000000000000000000000000000000000000004111111111111111111111111111111111111111111500000000000000000000000000000000000000000000000000
0000000000000000000000000000000000000000000000000000000000000000000000000000000000041111111111111111111111111111111111111111111111111360000000000000000852116000000000000000000092111111112900000051111111111126000000000000000000000621111111111700000000000005211111111249000000000842134449690000000000000000000000000000000000000008711111111111111111111111111111111111111112900000000000000000000000000000000000000000000000000
0000000000000000000000000000000000000000000000000000000000000000000000000000000000071111111111111111111111111111111111111111111111125800000000000000000511115000000000000000000871111111126000000871111111111150000000000000000000000062111111111160000000000000931111111112345666657212453117000000000000000000000000000000000000000000921111111111111111111111111111111111111279000000000000000000000000000000000000000000000000000
0000000000000000000000000000000000000000000000000000000000000000000000000000000000041111111111111111111111111111111111111111111111390000000000000000008446533900000000000000009311111111390000000611111111111400000000000000000000000006211111111138000000000000085211111111111111111126521114000000000000000000000000000000000000000000041111111111111111111111111111111233746800000000000000000000000000000000000000000000000000000
0000000000000000000000000000000000000000000000000000000000000000000000000000000000087111111111111111111111111111111111111111111113800000000000000000008953767360000000000000052111111117900000008311111111114000000000000000000000000000931111111117800000000000000853111111111111111799211139000000000000000000000000000000000000000000092111111111111111111111111123459800000000000000000000000000000000000000000000000000000000000
0000000000000000000000000000000000000000000000000000000000000000000000000000000000008631111111347211111111111111111111111111111139000000000000000000000621124427680000000085311111111258000000004111111111250000000000000000000000000000084211111111480000000000000000954321111112346008723580000000000000000000000000000000000000000000004111111111111111111111113445800000000000000000000000000000000000000000000000000000000000000
0000000000000000000000000000000000000000000000000000000000000000000000000000000000000009431111139931111111111111111111111111111390000000000000000000000931111552127455554721111111124900000000041111111113600000000000000000000000000000000631111111139000000000000000009545569996577350080000000000000000000000000000000000000000000000006111111111111111111111112115000000000000000000000000000000000000000000000000000000000000000
0000000000000000000000000000000000000000000000000000000000000000000000000000000000000000009572117862111111111111111111111111111400000000000000000000000097111389711111111111111112490000000008711111111248000000000000000000000000000000000085211111112600000000000000006722248871111790000000000000000000000000000000000000000000000000008311111111111111111111111116000000000000000000000000000000000000000000000000000000000000000
0000000000000000000000000000000000000000000000000000000000000000000000000000000000000000000008955883111111111111111111111111111500000000000000000000000008577600067211111111127468000000000852111111134900000000000000000000000000000000000000842111111148000000000000000088800065569000000000000000000000000000000000000000000000000000000411111111111111111111111116000000000000000000000000000000000000000000000000000000000000000
0000000000000000000000000000000000000000000000000000000000000000000000000000000000000000000000000092111111111111111111111111111500000000000000000000000000000093374555477774680000000000864211111117580000000000000000000000000000000000000000008531111112580000000000000000000000000000000000000000000000000000000000000000000000000000000831111111111111111111111115000000000000000000000000000000000000000000000000000000000000000
0000000000000000000000000000000000000000000000000000000000000000000000000000000000000000000000000061111111111111111111111111111500000000000000000000000000000084111178067222500000966547211111112490000000000000000000000000000000000000000000000085311111135800000000000000000000000000000000000000000000000000000000000000000000000000000097211111111111111111111116000000000000000000000000000000000000000000000000000000000000000
0000000000000000000000000000000000000000000000000000000000000000000000000000000000000000000000000051111111111111111111111111111500000000000000000000000000000000647379095446800000573221122374598000000000000000000000000000000000000000000000000000895721111358000000000000000000000000000000000000000000000000000000000000000000000000000000965733211111111111111248000000000000000000000000000000000000000000000000000000000000000
0000000000000000000000000000000000000000000000000000000000000000000000000000000000000000000000000071111111111111111111111111111600000000000000000000000000000000000000000000000000000888888000000000000000000000000000000000000000000000000000000000000086432112580000000000000000000000000000000000000000000000000000000000000000000000000000000000896655444444456800000000000000000000000000000000000000000000000000000000000000000
0000000000000000000000000000000000000000000000000000000000000000000000000000000000000000000000000831111111111111111111111111112900000000000000000000000000000000000000000000000000000000000000000000000000000000000000000000000000000000000000000000000000008954490000000000000000000000000000000000000000000000000000000000000000000000000000000000000000000000000000000000000000000000000000000000000000000000000000000000000000000
0000000000000000000000000000000000000000000000000000000000000000000000000000000000000000000000000921111111111111111111111111114000000000000000000000000000000000000000000000000000000000000000000000000000000000000000000000000000000000000000000000000000000000000000000000000000000000000000000000000000000000000000000000000000000000000000000000000000000000000000000000000000000000000000000000000000000000000000000000000000000
0000000000000000000000000000000000000000000000000000000000000000000000000000000000000000000000000871111111111111111111111111148000000000000000000000000000000000000000000000000000000000000000000000000000000000000000000000000000000000000000000000000000000000000000000000000000000000000000000000000000000000000000000000000000000000000000000000000000000000000000000000000000000000000000000000000000000000000000000000000000000
0000000000000000000000000000000000000000000000000000000000000000000000000000000000000000000000000084211111111111111111111117600000000000000000000000000000000000000000000000000000000000000000000000000000000000000000000000000000000000000000000000000000000000000000000000000000000000000000000000000000000000000000000000000000000000000000000000000000000000000000000000000000000000000000000000000000000000000000000000000000000
0000000000000000000000000000000000000000000000000000000000000000000000000000000000000000000000000000864311111111111111113490000000000000000000000000000000000000000000000000000000000000000000000000000000000000000000000000000000000000000000000000000000000000000000000000000000000000000000000000000000000000000000000000000000000000000000000000000000000000000000000000000000000000000000000000000000000000000000000000000000000
0000000000000000000000000000000000000000000000000000000000000000000000000000000000000000000000000000000096547733223374590000000000000000000000000000000000000000000000000000000000000000000000000000000000000000000000000000000000000000000000000000000000000000000000000000000000000000000000000000000000000000000000000000000000000000000000000000000000000000000000000000000000000000000000000000000000000000000000000000000000000
0000000000000000000000000000000000000000000000000000000000000000000000000000000000000000000000000000000000000000000000000000000000000000000000000000000000000000000000000000000000000000000000000000000000000000000000000000000000000000000000000000000000000000000000000000000000000000000000000000000000000000000000000000000000000000000000000000000000000000000000000000000000000000000000000000000000000000000000000000000000000
0000000000000000000000000000000000000000000000000000000000000000000000000000000000000000000000000000000000000000000000000000000000000000000000000000000000000000000000000000000000000000000000000000000000000000000000000000000000000000000000000000000000000000000000000000000000000000000000000000000000000000000000000000000000000000000000000000000000000000000000000000000000000000000000000000000000000000000000000000000000000
0000000000000000000000000000000000000000000000000000000000000000000000000000000000000000000000000000000000000000000000000000000000000000000000000000000000000000000000000000000000000000000000000000000000000000000000000000000000000000000000000000000000000000000000000000000000000000000000000000000000000000000000000000000000000000000000000000000000000000000000000000000000000000000000000000000000000000000000000000000000000
0000000000000000000000000000000000000000000000000000000000000000000000000000000000000000000000000000000000000000000000000000000000000000000000000000000000000000000000000000000000000000000000000000000000000000000000000000000000000000000000000000000000000000000000000000000000000000000000000000000000000000000000000000000000000000000000000000000000000000000000000000000000000000000000000000000000000000000000000000000000000
0000000000000000000000000000000000000000000000000000000000000000000000000000000000000000000000000000000000000000000000000000000000000000000000000000000000000000000000000000000000000000000000000000000000000000000000000000000000000000000000000000000000000000000000000000000000000000000000000000000000000000000000000000000000000000000000000000000000000000000000000000000000000000000000000000000000000000000000000000000000000
0000000000000000000000000000000000000000000000000000000000000000000000000000000000000000000000000000000000000000000000000000000000000000000000000000000000000000000000000000000000000000000000000000000000000000000000000000000000000000000000000000000000000000000000000000000000000000000000000000000000000000000000000000000000000000000000000000000000000000000000000000000000000000000000000000000000000000000000000000000000000
0000000000000000000000000000000000000000000000000000000000000000000000000000000000000000000000000000000000000000000000000000000000000000000000000000000000000000000000000000000000000000000000000000000000000000000000000000000000000000000000000000000000000000000000000000000000000000000000000000000000000000000000000000000000000000000000000000000000000000000000000000000000000000000000000000000000000000000000000000000000000
