000000000000000000000000000000000000000000000000000000000000000000000000000000000000000000000000000000000000000000000000000000000000000000000000000000000000000000000000000000000000000000000000000000000000000000
000000000000000000000000000000000000000000000000000000000000000000000000000000000000000000000000000000000000000000000000000000000000000000000000000000000000000000000000000000000000000000000000000000000000000000
000000000000000000000000000000000000000000000000000000000000000000000000000000000000000000000000000000000000000000000000000000000000000000000000000000000000000000000000000000000000000000000000000000000000000000
000000000000000000000000000000000000000000000000000000000000000000000000000000000000000000000000000000000000000000000000000000000000000000000000000000000000000000000000000000000000000000000000000000000000000000
000000000000000000000000000000000000000000000000000000000000000000000000000000000000000000000000089965544447444455669800000000000000000000000000000000000000000000000000000000000000000000000000000000000000000000
000000000000000000000000000000000000000000000000000000000000000000000000000000000000000000895473211111111111111111111123756800000000000000000000000000000000000000000000000000000000000000000000000000000000000000
000000000000000000000000000000000000000000000000000000000000000000000000000000000000009573111111111111111111111111111111111127590000000000000000000000000000000000000000000000000000000000000000000000000000000000
000000000000000000000000000000000000000000000000000000000000000000000000000000000095721111111111111111111111111111111111111111113490000000000000000000000000000000000000000000000000000000000000000000000000000000
000000000000000000000000000000000000000000000000000000000000000000000000000000085311111111111111111111111111111111111111111111111117600000000000000000000000000000000000000000000000000000000000000000000000000000
000000000000000000000000000000000000000000000000000000000000000000000000000006711111111111111111111111111111111111111111111111111111139000000000000000000000000000000000000000000000000000000000000000000000000000
000000000000000000000000000000000000000000000000000000000000000000000000000531111111111111111111111111111111111111111111111111111111111480000000000000000000000000000000000000000000000000000000000000000000000000
000000000000000000000000000000000000000000000000000000000000000000000000093111111111111111111111111111111111111111111111111111111111111139000000000000000000000000000000000000000000000000000000000000000000000000
000000000000000000000000000000000000000000000000000000000000000000000008711111111111111111111111111111111111111111111111111111111111111112600000000000000000000000000000000000000000000000000000000000000000000000
000000000000000000000000000000000000000000000000000000000000000000000062111111111111111111111111111111111111111111111111111111111111111111160000000000000000000000000000000000000000000000000000000000000000000000
000000000000000000000000000000000000000000000000000000000000000000000611111111111111111111111111111111111111111111111111111111111111111111129000000000000000000000000000000000000000000000000000000000000000000000
000000000000000000000000000000000000000000000000000000000000000000006111111111111111111111111111111111111111111111111111111111111111111111117000000000000000000000000000000000000000000000000000000000000000000000
000000000000000000000000000000000000000000000000000000000000000000082111111111111111111111111111111111111111111111111111111111111111111111111600000000000000000000000000000000000000000000000000000000000000000000
000000000000000000000000000000000000000000000000000000000000000000041111111111111111111111111111111111111111111111111111111111111111111111111700000000000000000000000000000000000000000000000000000000000000000000
000000000000000000000000000000000000000000000000000000000000000000031111111111111111111111111111111111111111111111111111111111111111111111111190000000000000000000000000000000000000000000000000000000000000000000
000000000000000000000000000000000000000000000000000000000000000000911111111111111111111111111111111111111111111111111111111111111111111111111160000000000000000000000000000000000000000000000000000000000000000000
000000000000000000000000000000000000000000000000000000000000000000611111111111111111111111111111111111111111111111111111111111111111111111111140000000000000000000000000000000000000000000000000000000000000000000
000000000000000000000000000000000000000000000000000000000000000000911111111111111111111111111111111111111111111111111111111111111111111111111140000000000000000000000000000000000000000000000000000000000000000000
000000000000000000000000000000000000000000000000000000000000000000821111111111111111111111111111111111111111111111111111111111111111111111111140000000000000000000000000000000000000000000000000000000000000000000
000000000000000000000000000000000000000000000000000000000000000000071111111111111111111111111111111111111111111111111111111111111111111111111150000000000000000000000000000000000064774590000000000000000000000000
000000000000000000000000000000000000000000000000000000000000000000051111111111111111111111111111111111111111111111111111111111111111111111111190000000000000000000000000000000006211111112480000000000000000000000
000000000000000000000000000000000000000000000000000000000000000000083111111111211111111111111111111111111111111111111111111111111111111111111700000000000000000000000000000000082111111111128000000000000000000000
000000000000000000000008999800000000000000000000000000000000000000006111111111741111111111111111111111111111111111111111111111111172111111111900000000000000000000000000000000061111111111116000000000000000000000
000000000000000000000042111123459000000000000000000000000000000000000711111111153111111111111111111111111111111111111111111111111541111111114000000000000000000000000000000000091111111111119000000000000000000000
000000000000000000000911111111111358000000000000000000000000000000000921111111125421111111111111111111111111111111111111111111136411111111128000000000000000000000000000000000003111111111139900096800000000000000
000000000000000000000911111111111114000000000000000000000000000000000051111111111765721111111111111111111111111111111111111127552111111111140000000000000000000000000000000000007111111111124123211260000000000000
000000000000000000000031111111111117000000000000000000000000000000000083111111111113569643111111111117471111757111111111134557211111111111280000000000000000000000000000000000851111111111111111111116000000000000
000000000000088899968821111111111114000000000000000000000000000000000006111111111111111346953111111111176739521111111134542111111111111111400000000000000000000000000000000006211111111111111111111117000000000000
000000000097211112377211111111111116000000000000000000000000000000000000711111111111111111135531111111112684111111112552111111111111111111600000000000000000000000000000000005111111111111111111111115000000000000
000000000611111111111111111111111119000000000000000000000000000000000000921111111111111111111245211111111251111111139711111111112745471111900000000000000000000000000000000087111111111111111111111138000000000000
000000008211111111111111111111111128000000000000000000000000000000000000071111111111111111111112571111111111111111387111111112469572111111900000000000000000000000000000000931111111111111111111112480000000000000
000000008311111111111111111111111116000000000000000000000000000000000000041175544455472111111111156211111111111111951111111358000008942111600000000000000000000000000000084111111111111111111112358000000000000000
000000000921111111111111111111111112480000000000000000000000000000000000041272176880008672111111117621111111111117921111114800008800009311380000000000000000000000000000521111111111111759888880000000000000000000
000000000084311111111111111111111111117600000000000000000000000000000000621111400095690008421111111367111111111175211111260000531170006911135900000000000000000000000063111111111111358000000000000000000000000000
000000000000088888965472111111111111111135800000865556800000000000000097111112800031113900097111111124572111111111111112900004111170005931111124000000000000000000006311111111111249000000000000000000000000000000
000000000000000000000000864311111111111111176093111111136000000000085311111113000051111280098511111111111111111111111138000007112480864921111112800000008966980000631111111111136800000000000000000000000000000000
000000000000000000000000000095721111111111111245421111111780000000051111111111900006722780004851111111111111111111111380000008998000416411111117000000852111117963111111111124900000000000000000000000000000000000
000000000000000000000000000000089531111111111111345733211138000000082111111111380000000000006605111111111111111111117880000000000000667174111128000008311111174311111111112580000000000000000000000000000000000000
000000000000000000000000000000000008672111111111111760611115000000009311111125325000000009227946631111122111113744466740000000000009474641111390000004111126531111111111360000000000000000000000000000000000000000
000000000000000000000000000000000000000943111111111117611117000000000871111113664468000008575411345444542111111112321114900000000009957211117800000004111174111111111176000000000000000000000000000000000000000000
000000000000000000000000000000000000000000953111111117511114000000000006311111135900000000952111111111111111111111111111137556655432111111140000000005111144111111127900000000000000000000000000000000000000000000
000000000000000000000000000000000000000005596957211117411119000000000000085311111123333332111111111111111111111111111111111111111111111113600000000008211174111112490940000000000000000000000000000000000000000000
000000000000000000000000000000000000000006643844964214411179249000000000000093111111111111111111111111111111111111111111111111111111111250000000000855511175111245952655000000000000000000000000000000000000000000
000000000000000000000000000000000000000087647671170099411157111358000000000008311111111111111111111111111111111111111111111111111111111400000000084212831175135531792753800000000000000000000000000000000000000000
000000000000000000000000000000000000000007552751128089411162111112760000000000411111111111123111111111111111111111111111111111111111172380000009421111971149683111198688900000000000000000000000000000000000000000
000000000000000000000000000000000000000009605461119063511292111111112480000008211211111111136111111111111111111111111111271111111111174136000971111111931150004111164145190000000000000000000000000000000000000000
000000000000000000000000000000000000000005162147115009621198671111111117580005111711111111175111111111111111111111111111165111111111125211563111111113921380006111155155280000000000000000000000000000000000000000
000000000000000000000000000000000000000008609599213008752140008531111111127683117711111111153111111111111111111111111111128711111111112644311111111116412900009111150680800000000000000000000000000000000000000000
000000000000000000000000000000000000000000439513411600889315000009421111111124475211111111162111111111111128411111111111114911111111111351111111112499239000009111167164400000000000000000000000000000000000000000
000000000000000000000000000000000000000000714921351280000067900000085311111111293111111111351111111111111130911111111111112971111111111145111111368009680000005111251161700000000000000000000000000000000000000000
000000000000000000000000000000000000000000976094796238000000000000000097111111541111111111441111111111111170821111111111111491111111111129511249000000000000082111487687900009557366485600000000000000000000000000
000000000000000000000000000000000000000000008598213523800000000000000000942117611111111111631111111111111170021111111111111283111111111113845958000000000000071111531996000831113755346590000000000000000000000000
000000000000000000000000000000000000000000006114411787250000000000000006236439211111111112611111111111111170031111111111111154111111111111505113900000000008411114712617008311256643362297400000000000000000000000
000000000000000000000000000000064765699000000533889656533580000000000051134397111111111113611111111111111130031111111111111176111111111111399311248000000063111178579526008211400000417545580000000000000000000000
000000000000000000000000000947565547542690000000890411274227468000086311741251111111111114411111111111111130031111111111111126111111111111252631112756664311111343306800000511780000041631637000000000000000000000
000000000000000000000000000575537694764539000000413553117853111233321113411471111111111115711111111111111128031111111111111126111111111111151252111111111111125712571600000095459000091384957800000000000000000000
000000000000000000000000972595480000555936000000931140966446642111111124111511111111111116311111111111111119021111111111111126111111111111152135111111111113755558917800000000000000082361785900000000000000000000
000000000000000000000000637621758008355540000000006760006111148671111152112511111111111119211111111111111119821111111111111126111111111111157114411111234642112600090000000000000000091351351400000000000000000000
000000000000000000000000949047929005125980000000000009375673226996531471113511111111111129211111111111111116821111111111111136111111111111150711677473774547756432900000000000000000071484984600000000000000000000
000000000000000000000000717811433808990000000000000008311290004111246911117511111111111129111111111111111115821111111111111145111111111111149671309211112500051136000000000000000008712621688000000000000000000000
000000000000000000000000859067562380000000000000000000095760998421114411117511111111111129111111111111111114811111111111111154111111111111155152169474565444986800000000000000000093115412527000000000000000000000
000000000000000000000000092366135324900000000000000000863125212769659311114611111111111129211111111111111117911111111111111293111111111111159584178990921137421790000000000000006711178659414000000000000000000000
000000000000000000000000006338414841135980000000000864211112773229988211268911111111111119311111111111111113911111111111111382111111111111165399125126477731111113590000000009531111772199660000000000000000000000
000000000000000000000000000096885345711123744555473211111111112332129111552631111111111116411111111111111112911111111111111451111111111111285138216996711111111111112374447721111136411541400000000000000000000000
000000000000000000000000000052256722885311111111111111111111111111139117041541111111111115611111111111111112611111111111111671111111111111709450716511277111111111111111111111134544658917800000000000000000000000
000000000000000000000000000008645954923465721111111111111111111137758215094861111111111117821111111111111111611111111111112921111111111111661698715631119942111111111111111274687135677880000000000000000000000000
000000000000000000000000000000000031347378547744733222222337454721348219511703111111111111941111111111111111511111111111114611111111111117052417315737757749643211112237459521169989348000000000000000000000000000
000000000000000000000000000000000086737598732215095556886477495733340328711706111111111111492111111111111111511111111111116411111111111129346855116412377211985444580943225645642240000000000000000000000000000000
000000000000000000000000000000000000000008711223473233447733340054580420844900711111111111284111111111111111611111111111128311111111111153111359429088005233553111158723768965956800000000000000000000000000000000
000000000000000000000000000000000000000000096558008722278057490000000628843597921111111111149111111111111112921111111111148211111111111741111112760000009733454643553333585459000000000000000000000000000000000000
000000000000000000000000000000000000000000000000000000000000000000000826511297561111111111119411111111111113821111111111169111111111112511111111112580000084214899009556000000000000000000000000000000000000000000
000000000000000000000000000000000000000000000000000000000000000000000047931400655111111111113921111111111113031111111111309111111111116067211111111117580621150000000000000000000000000000000000000000000000000000
000000000000000000000000000000000000000000000000000000009733745900000082798063117511111111111541111111111114071111111111409111111111140053443111111111175111500000000000000000000000000000000000000000000000000000
000000000000000000000000000000000000000000000000000000000064311125800006146311111751111111111292111111111115041111111111609111111111300091113642111111252117800000000000000000000000000000000000000000000000000000
000000000000000000000000000000000000000000000000000000000000052111260000571111111146211111111144111111111116051111111112809111111112900007111654431111471115324900000000000000000000000000000000000000000000000000
000000000000000000000000000000000000000000000000000000000000006111115853111111112460931111111126211111111128091111111113008211111115000008211293255724711126111124680000000000000000000000000000000000000000000000
000000000000000000000000000000000000000000000000000000000000000411111471111111245570087111111114411111111170003111111114000311111128000000611124599963111175111111123469000000008880000000000000000000000000000000
000000000000000000000000000000000000000000000000000000000000000821111144211124496370008211111117611111111150004111111114000411111140000000061111133211111152111111111111233333221112760000000000000000000000000000
000000000000000000000000000000000000000000000000000000000000000652111113477589453170000611111113821111111280009211111114000911111150000000009311111111111593111111111111111111111111113800000000000000000000000000
000000000000000000000000000000000000000000000000000000000000853135311111111222111160000031111114071111111400000511111114000071111150000000064667211111276000942111111111111111111111111700000000000000000000000000
000000000000000000000000000000000000000000006722374566999967211112453111111111111700000041111116071111111900000071111117000082111140000000003140089998000000008521111111111111111111111160000000000000000000000000
000000000000000000000000000000000000000000871111111111111111111111124543211111114800000051111170041111117000000092111113000006111128000000007119000000000000000084111111111111111111111140000000000000000000000000
000000000000000000000000000000000000000008311111111111111111111111124800086657580000000051111290071111129000000006111111900000511117800000082116000000000000000000621111111111111111111170000000000000000000000000
000000000000000000000000000000000000000004111111111111111111111111790000000832800000000031111600821111150000000000511111400000051111368008633349000000000000000000051111111111111111111150000000000000000000000000
000000000000000000000000000000000000000004111111111111111111111115000000000647600000000411115000511111400000000000051111190000009311112332143140000000000000000000007111111111111111374900000000000000000000000000
000000000000000000000000000000000000000008421113311111111111111150000000000823758000867111360008311114000000000000006211138000000064322237693480000000000000000000009111111111112348000000000000000000000000000000
000000000000000000000000000000000000000000086432671111111111111300000000000071452233111135800093111260000000000000000841113900000008449932780000000000000000000000000711111111111150000000000000000000000000000000
000000000000000000000000000000000000000000000008841111111111111700000000000009854777335900086421135800000000000000000009421249000000000888000000000000000000000000000611111111111150000000000000000000000000000000
000000000000000000000000000000000000000000000000071111111111111700000000000000094799458085473746800000000000000000000000085721790000000000000000000000000000000000000095473211112790000000000000000000000000000000
000000000000000000000000000000000000000000000000821111111111111400000000000000000000000000000000000000000000000000000000000009659000000000000000000000000000000000000000000088880000000000000000000000000000000000
000000000000000000000000000000000000000000000000831111111111117800000000000000000000000000000000000000000000000000000000000000000000000000000000000000000000000000000000000000000000000000000000000000000000000000
000000000000000000000000000000000000000000000000006431111113490000000000000000000000000000000000000000000000000000000000000000000000000000000000000000000000000000000000000000000000000000000000000000000000000000
000000000000000000000000000000000000000000000000000008999980000000000000000000000000000000000000000000000000000000000000000000000000000000000000000000000000000000000000000000000000000000000000000000000000000000
000000000000000000000000000000000000000000000000000000000000000000000000000000000000000000000000000000000000000000000000000000000000000000000000000000000000000000000000000000000000000000000000000000000000000000
000000000000000000000000000000000000000000000000000000000000000000000000000000000000000000000000000000000000000000000000000000000000000000000000000000000000000000000000000000000000000000000000000000000000000000
000000000000000000000000000000000000000000000000000000000000000000000000000000000000000000000000000000000000000000000000000000000000000000000000000000000000000000000000000000000000000000000000000000000000000000
