000000000000000000000000000000000000000000000000000000000000000000000000000000000000000000000000000000000000000000000000000000000000000000000000000000000000000000000000000000000000000000000000000000000000000000
000000000000000000000000000000000000000000000000000000000000000000000000000000000000000000000000000000000000000000000000000000000000000000000000000000000000000000000000000000000000000000000000000000000000000000
000000000000000000000000000000000000000000000000000000000000000000000000000000000000000000000000000000000000000000000000000000000000000000000000000000000000000000000000000000000000000000000000000000000000000000
000000000000000000000000000000000000000000000000000000000000000000000000000000000000000000000000000000000000000000000000000000000000000000000000000000000000000000000000000000000000000000000000000000000000000000
000000000000000000000000000000000000000000000000000000000000000000000000000000000000000000000000098876655554555566778900000000000000000000000000000000000000000000000000000000000000000000000000000000000000000000
000000000000000000000000000000000000000000000000000000000000000000000000000000000000000000986543211111111111111111111123467900000000000000000000000000000000000000000000000000000000000000000000000000000000000000
000000000000000000000000000000000000000000000000000000000000000000000000000000000000008643111111111111111111111111111111111124680000000000000000000000000000000000000000000000000000000000000000000000000000000000
000000000000000000000000000000000000000000000000000000000000000000000000000000000086421111111111111111111111111111111111111111113580000000000000000000000000000000000000000000000000000000000000000000000000000000
000000000000000000000000000000000000000000000000000000000000000000000000000000096311111111111111111111111111111111111111111111111114700000000000000000000000000000000000000000000000000000000000000000000000000000
000000000000000000000000000000000000000000000000000000000000000000000000000007411111111111111111111111111111111111111111111111111111138000000000000000000000000000000000000000000000000000000000000000000000000000
000000000000000000000000000000000000000000000000000000000000000000000000000631111111111111111111111111111111111111111111111111111111111590000000000000000000000000000000000000000000000000000000000000000000000000
000000000000000000000000000000000000000000000000000000000000000000000000083111111111111111111111111111111111111111111111111111111111111138000000000000000000000000000000000000000000000000000000000000000000000000
000000000000000000000000000000000000000000000000000000000000000000000009411111111111111111111111111111111111111111111111111111111111111112700000000000000000000000000000000000000000000000000000000000000000000000
000000000000000000000000000000000000000000000000000000000000000000000072111111111111111111111111111111111111111111111111111111111111111111170000000000000000000000000000000000000000000000000000000000000000000000
000000000000000000000000000000000000000000000000000000000000000000000711111111111111111111111111111111111111111111111111111111111111111111128000000000000000000000000000000000000000000000000000000000000000000000
000000000000000000000000000000000000000000000000000000000000000000007111111111111111111111111111111111111111111111111111111111111111111111114000000000000000000000000000000000000000000000000000000000000000000000
000000000000000000000000000000000000000000000000000000000000000000092111111111111111111111111111111111111111111111111111111111111111111111111700000000000000000000000000000000000000000000000000000000000000000000
000000000000000000000000000000000000000000000000000000000000000000051111111111111111111111111111111111111111111111111111111111111111111111111400000000000000000000000000000000000000000000000000000000000000000000
000000000000000000000000000000000000000000000000000000000000000000031111111111111111111111111111111111111111111111111111111111111111111111111180000000000000000000000000000000000000000000000000000000000000000000
000000000000000000000000000000000000000000000000000000000000000000811111111111111111111111111111111111111111111111111111111111111111111111111170000000000000000000000000000000000000000000000000000000000000000000
000000000000000000000000000000000000000000000000000000000000000000711111111111111111111111111111111111111111111111111111111111111111111111111150000000000000000000000000000000000000000000000000000000000000000000
000000000000000000000000000000000000000000000000000000000000000000811111111111111111111111111111111111111111111111111111111111111111111111111150000000000000000000000000000000000000000000000000000000000000000000
000000000000000000000000000000000000000000000000000000000000000000921111111111111111111111111111111111111111111111111111111111111111111111111150000000000000000000000000000000000000000000000000000000000000000000
000000000000000000000000000000000000000000000000000000000000000000041111111111111111111111111111111111111111111111111111111111111111111111111160000000000000000000000000000000000075445680000000000000000000000000
000000000000000000000000000000000000000000000000000000000000000000061111111111111111111111111111111111111111111111111111111111111111111111111180000000000000000000000000000000007211111112590000000000000000000000
000000000000000000000000000000000000000000000000000000000000000000093111111111211111111111111111111111111111111111111111111111111111111111111400000000000000000000000000000000092111111111129000000000000000000000
000000000000000000000009888900000000000000000000000000000000000000007111111111451111111111111111111111111111111111111111111111111142111111111800000000000000000000000000000000071111111111117000000000000000000000
000000000000000000000052111123568000000000000000000000000000000000000411111111163111111111111111111111111111111111111111111111111651111111115000000000000000000000000000000000081111111111118000000000000000000000
000000000000000000000811111111111369000000000000000000000000000000000821111111126521111111111111111111111111111111111111111111137511111111129000000000000000000000000000000000003111111111138800087900000000000000
000000000000000000000811111111111115000000000000000000000000000000000061111111111476421111111111111111111111111111111111111124662111111111150000000000000000000000000000000000004111111111125123211270000000000000
000000000000000000000031111111111114000000000000000000000000000000000093111111111113678753111111111114541111464111111111135664211111111111290000000000000000000000000000000000961111111111111111111117000000000000
000000000000099988879921111111111115000000000000000000000000000000000007111111111111111357863111111111147438621111111135652111111111111111500000000000000000000000000000000007211111111111111111111114000000000000
000000000084211112344211111111111117000000000000000000000000000000000000411111111111111111136631111111112795111111112662111111111111111111700000000000000000000000000000000006111111111111111111111116000000000000
000000000711111111111111111111111118000000000000000000000000000000000000821111111111111111111256211111111261111111138411111111112456541111800000000000000000000000000000000094111111111111111111111139000000000000
000000009211111111111111111111111129000000000000000000000000000000000000041111111111111111111112641111111111111111394111111112578642111111800000000000000000000000000000000831111111111111111111112590000000000000
000000009311111111111111111111111117000000000000000000000000000000000000051146655566542111111111167211111111111111861111111369000009852111700000000000000000000000000000095111111111111111111112369000000000000000
000000000821111111111111111111111112590000000000000000000000000000000000051242147990009742111111114721111111111114821111115900009900008311390000000000000000000000000000621111111111111468999990000000000000000000
000000000095311111111111111111111111114700000000000000000000000000000000721111500086780009521111111374111111111146211111270000631140007811136800000000000000000000000073111111111111369000000000000000000000000000
000000000000099999876542111111111111111136900000976667900000000000000084111112900031113800084111111125642111111111111112800005111140006831111125000000000000000000007311111111111258000000000000000000000000000000
000000000000000000000000975311111111111111147083111111137000000000096311111113000061111290089611111111111111111111111139000004112590975821111112900000009877890000731111111111137900000000000000000000000000000000
000000000000000000000000000086421111111111111256521111111490000000061111111111800007422490005961111111111111111111111390000009889000517511111114000000962111114873111111111125800000000000000000000000000000000000
000000000000000000000000000000098631111111111111356433211139000000092111111111390000000000007706111111111111111111114990000000000000774145111129000009311111145311111111112690000000000000000000000000000000000000
000000000000000000000000000000000009742111111111111470711116000000008311111126326000000008224857731111122111113455577450000000000008545751111380000005111127631111111111370000000000000000000000000000000000000000
000000000000000000000000000000000000000853111111111114711114000000000941111113775579000009646511356555652111111112321115800000000008864211114900000005111145111111111147000000000000000000000000000000000000000000
000000000000000000000000000000000000000000863111111114611115000000000007311111136800000000862111111111111111111111111111134667766532111111150000000006111155111111124800000000000000000000000000000000000000000000
000000000000000000000000000000000000000006687864211114511118000000000000096311111123333332111111111111111111111111111111111111111111111113700000000009211145111112580850000000000000000000000000000000000000000000
000000000000000000000000000000000000000007753955875215511148258000000000000083111111111111111111111111111111111111111111111111111111111260000000000966611146111256862766000000000000000000000000000000000000000000
000000000000000000000000000000000000000094754741140088511164111369000000000009311111111111111111111111111111111111111111111111111111111500000000095212931146136631482463900000000000000000000000000000000000000000
000000000000000000000000000000000000000004662461129098511172111112470000000000511111111111123111111111111111111111111111111111111111142390000008521111841158793111189799800000000000000000000000000000000000000000
000000000000000000000000000000000000000008706571118073611282111111112590000009211211111111137111111111111111111111111111241111111111145137000841111111831160005111175156180000000000000000000000000000000000000000
000000000000000000000000000000000000000006172154116008721189741111111114690006111411111111146111111111111111111111111111176111111111126211673111111113821390007111166166290000000000000000000000000000000000000000
000000000000000000000000000000000000000009708688213009462150009631111111124793114411111111163111111111111111111111111111129411111111112755311111111117512800008111160790900000000000000000000000000000000000000000
000000000000000000000000000000000000000000538613511700998316000008521111111125546211111111172111111111111129511111111111115811111111111361111111112588238000008111174175500000000000000000000000000000000000000000
000000000000000000000000000000000000000000415821361290000074800000096311111111283111111111361111111111111130811111111111112841111111111156111111379008790000006111261171400000000000000000000000000000000000000000
000000000000000000000000000000000000000000847085487239000000000000000084111111651111111111551111111111111140921111111111111581111111111128611258000000000000092111594794800008664377596700000000000000000000000000
000000000000000000000000000000000000000000009689213623900000000000000000852114711111111111731111111111111140021111111111111293111111111113956869000000000000041111631887000931113466357680000000000000000000000000
000000000000000000000000000000000000000000007115511494260000000000000007237538211111111112711111111111111140031111111111111165111111111111606113800000000009511115412714009311267753372284500000000000000000000000
000000000000000000000000000000075476788000000633998767633690000000000061135384111111111113711111111111111130031111111111111147111111111111388311259000000073111149648627009211500000514656690000000000000000000000
000000000000000000000000000854676654652780000000980511245224579000097311451261111111111115511111111111111130031111111111111127111111111111262731112467775311111353307900000611490000051731734000000000000000000000
000000000000000000000000000646634785475638000000513663114963111233321113511541111111111116411111111111111129031111111111111127111111111111161262111111111111126412641700000086568000081395864900000000000000000000
000000000000000000000000842686590000666837000000831150877557752111111125111611111111111117311111111111111118021111111111111127111111111111162136111111111113466669814900000000000000092371496800000000000000000000
000000000000000000000000734721469009366650000000007470007111159741111162112611111111111118211111111111111118921111111111111127111111111111164115511111235752112700080000000000000000081361361500000000000000000000
000000000000000000000000858054828006126890000000000008346743227887631541113611111111111128211111111111111117921111111111111137111111111111160411744543445654467532800000000000000000041595895700000000000000000000
000000000000000000000000414911533909880000000000000009311280005111257811114611111111111128111111111111111116921111111111111156111111111111158741308211112600061137000000000000000009412721799000000000000000000000
000000000000000000000000968074672390000000000000000000086470889521115511114611111111111128111111111111111115911111111111111165111111111111166162178545676555897900000000000000000083116512624000000000000000000000
000000000000000000000000082377136325800000000000000000973126212478768311115711111111111128211111111111111114811111111111111283111111111111168695149880821134521480000000000000007411149768515000000000000000000000
000000000000000000000000007339515951136890000000000975211112443228899211279811111111111118311111111111111113811111111111111392111111111111176388126127544431111113680000000008631111442188770000000000000000000000
000000000000000000000000000087996356411123455666543211111111112332128111662731111111111117511111111111111112811111111111111561111111111111296139217887411111111111112345554421111137511651500000000000000000000000
000000000000000000000000000062267422996311111111111111111111111111138114051651111111111116711111111111111112711111111111111741111111111111408560417611244111111111111111111111135655769814900000000000000000000000
000000000000000000000000000009756865823576421111111111111111111134469216085971111111111114921111111111111111711111111111112821111111111111771789416731118852111111111111111245794136744990000000000000000000000000
000000000000000000000000000000000031354349654455433222222334565421359218611403111111111111851111111111111111611111111111115711111111111114062514316434464458753211112234568621178898359000000000000000000000000000
000000000000000000000000000000000097434689432216086667997544586433350329411407111111111111582111111111111111611111111111117511111111111128357966117512344211896555690853226756752250000000000000000000000000000000
000000000000000000000000000000000000000009411223543233554433350065690520955800411111111111295111111111111111711111111111129311111111111163111368528099006233663111169423479876867900000000000000000000000000000000
000000000000000000000000000000000000000000087669009422249064580000000729953684821111111111158111111111111112821111111111159211111111111451111112470000008433565753663333696568000000000000000000000000000000000000
000000000000000000000000000000000000000000000000000000000000000000000927611284671111111111118511111111111113921111111111178111111111112611111111112690000095215988008667000000000000000000000000000000000000000000
000000000000000000000000000000000000000000000000000000000000000000000054831500766111111111113821111111111113031111111111308111111111117074211111111114690721160000000000000000000000000000000000000000000000000000
000000000000000000000000000000000000000000000000000000008433456800000092489073114611111111111651111111111115041111111111508111111111150063553111111111146111600000000000000000000000000000000000000000000000000000
000000000000000000000000000000000000000000000000000000000075311126900007157311111461111111111282111111111116051111111111708111111111300081113752111111262114900000000000000000000000000000000000000000000000000000
000000000000000000000000000000000000000000000000000000000000062111270000641111111157211111111155111111111117061111111112908111111112800004111765531111541116325800000000000000000000000000000000000000000000000000
000000000000000000000000000000000000000000000000000000000000007111116963111111112570831111111127211111111129081111111113009211111116000009211283266425411127111125790000000000000000000000000000000000000000000000
000000000000000000000000000000000000000000000000000000000000000511111541111111256640094111111115511111111140003111111115000311111129000000711125688873111146111111123578000000009990000000000000000000000000000000
000000000000000000000000000000000000000000000000000000000000000921111155211125587340009211111114711111111160005111111115000511111150000000071111133211111162111111111111233333221112470000000000000000000000000000
000000000000000000000000000000000000000000000000000000000000000762111113544698563140000711111113921111111290008211111115000811111160000000008311111111111683111111111111111111111111113900000000000000000000000000
000000000000000000000000000000000000000000000000000000000000963136311111111222111170000031111115041111111500000611111115000041111160000000075774211111247000852111111111111111111111111400000000000000000000000000
000000000000000000000000000000000000000000007422345677888874211112563111111111111400000051111117041111111800000041111114000092111150000000003150098889000000009621111111111111111111111170000000000000000000000000
000000000000000000000000000000000000000000941111111111111111111111125653211111115900000061111140051111114000000082111113000007111129000000004118000000000000000095111111111111111111111150000000000000000000000000
000000000000000000000000000000000000000009311111111111111111111111125900097764690000000061111280041111128000000007111111800000611114900000092117000000000000000000721111111111111111111140000000000000000000000000
000000000000000000000000000000000000000005111111111111111111111111480000000932900000000031111700921111160000000000611111500000061111379009733358000000000000000000061111111111111111111160000000000000000000000000
000000000000000000000000000000000000000005111111111111111111111116000000000754700000000511116000611111500000000000061111180000008311112332153150000000000000000000004111111111111111345800000000000000000000000000
000000000000000000000000000000000000000009521113311111111111111160000000000923469000974111370009311115000000000000007211139000000075322234783590000000000000000000008111111111112359000000000000000000000000000000
000000000000000000000000000000000000000000097532741111111111111300000000000041562233111136900083111270000000000000000951113800000009558832490000000000000000000000000411111111111160000000000000000000000000000000
000000000000000000000000000000000000000000000009951111111111111400000000000008965444336800097521136900000000000000000008521258000000000999000000000000000000000000000711111111111160000000000000000000000000000000
000000000000000000000000000000000000000000000000041111111111111400000000000000085488569096543457900000000000000000000000096421480000000000000000000000000000000000000086543211112480000000000000000000000000000000
000000000000000000000000000000000000000000000000921111111111111500000000000000000000000000000000000000000000000000000000000008768000000000000000000000000000000000000000000099990000000000000000000000000000000000
000000000000000000000000000000000000000000000000931111111111114900000000000000000000000000000000000000000000000000000000000000000000000000000000000000000000000000000000000000000000000000000000000000000000000000
000000000000000000000000000000000000000000000000007531111113580000000000000000000000000000000000000000000000000000000000000000000000000000000000000000000000000000000000000000000000000000000000000000000000000000
000000000000000000000000000000000000000000000000000009888890000000000000000000000000000000000000000000000000000000000000000000000000000000000000000000000000000000000000000000000000000000000000000000000000000000
000000000000000000000000000000000000000000000000000000000000000000000000000000000000000000000000000000000000000000000000000000000000000000000000000000000000000000000000000000000000000000000000000000000000000000
000000000000000000000000000000000000000000000000000000000000000000000000000000000000000000000000000000000000000000000000000000000000000000000000000000000000000000000000000000000000000000000000000000000000000000
000000000000000000000000000000000000000000000000000000000000000000000000000000000000000000000000000000000000000000000000000000000000000000000000000000000000000000000000000000000000000000000000000000000000000000
